SampleID	Human Feces	Human Mouth	Human Skin	Human Urine	Human Vagina	Unknown
oneuL3041	0	0	0.0427	1e-04	0	0.9572
oneuL3081	0	0	0	0.0224	0	0.9776
oneuL3082	0	0	0.0101	0.0083	0	0.9816
oneuL304b1	0.2382	0	0	0.3776	0	0.3842
oneuL304a1	0	0	0	0	0	1
oneuL3301	0	0	0.2595	0	0	0.7405
oneuL330a1	0	2e-04	0.127	0.016	0	0.8568
oneuL3461	0	0	0.0881	1e-04	0	0.9118
oneuL3462	0	0	0.1004	0	0	0.8996
oneuL3441	0	0	0.0877	0	0	0.9123
oneuL2421	0	0	0.0106	0	0	0.9894
oneuL2422	0.0014	0.0327	8e-04	0.1095	0	0.8556
oneuLh2411	0	0	0.0805	1e-04	0	0.9194
oneuLh2412	0	0	0.0732	0.0053	0	0.9215
oneuL2431	0	0	0.2034	0.0385	0	0.7581
oneuL2451	0.0089	0.0031	0.2138	0.0036	0.0038	0.7668
oneuLs2401	0	0	0	0	1e-04	0.9999
oneuL2201	0	3e-04	0.0829	0.0854	0	0.8314
oneuL3181	0	0	0.1725	4e-04	0	0.8271
oneuL1401	0	0	0	0	0	1
oneuL1402	0	0	3e-04	0	0	0.9997
oneuL1403	0.0909	0	0	0.0432	0	0.8659
oneuL1404	0	0	1e-04	0.0294	0	0.9705
oneuLb401	0	0	0.062	0	0	0.938
oneuL131a1	0	0	5e-04	0.0024	1e-04	0.997
oneuL120a1	0	0	0.3133	0	0	0.6867
oneuL120a2	0	0	0.0778	0.037	0	0.8852
oneuL125c1	0	0	0.189	0	0	0.811
oneuL125a1	0	0	0	0	0	1
oneuL1251	0	0	0.0734	1e-04	0	0.9265
oneuL1252	1e-04	1e-04	0.1008	0.0018	0	0.8972
oneuL120e1	0	0	0.0257	0.0591	0	0.9152
oneuL1201	0	0	0	0.0096	1e-04	0.9903
oneuL1202	0	0	0.5025	0	0	0.4975
oneuL2191	0	0	0.1922	0	0	0.8078
oneuL2192	0	0.0031	0.0445	5e-04	0	0.9519
oneuLs2101	0	0	0.0805	0.012	0	0.9075
oneuL308a1	0	0	0.1361	0	0	0.8639
oneuL125a1.2	0	0	0.3373	0	0	0.6627
oneuL120a1.2	0	0	0.0645	0.0523	0	0.8832
oneuLs2101.2	0	0.0013	0.0569	0	0	0.9418
oneuL3301.2	0	0	0.3109	0	0	0.6891
oneuLH2412.2	3e-04	0	0.1681	6e-04	0	0.831
oneuL1402.2	0	0	0	0	0	1
oneuL1404.2	0	0	0.0454	1e-04	0	0.9545
oneuL120a2.2	0	0	0.2255	0	0	0.7745
oneuLcontroL1	0	0	0.0953	0.092	0	0.8127
oneuLcontroL2	0	0	0.2218	0.0554	0	0.7228
oneuLs2301	0	0	0.0787	0	0	0.9213
oneuL2461	0	0	0.0343	0.044	0	0.9217
oneuL2181	0	0	0.1798	6e-04	0	0.8196
oneuL3182	0	0	0.5403	0	0	0.4597
oneuL2202	0	0	0.1834	0	0	0.8166
N1	0	0	0.535	0	0	0.465
N10	0	0.0293	0	0.0018	0	0.9689
N11	0.2367	0.1925	0.0282	0.0241	0	0.5185
N13	0	0	0.1986	0	0	0.8014
N16	0.0242	8e-04	0.0033	6e-04	0	0.9711
N17	0	0	0	0.2312	0	0.7688
N18	0	0	0.0835	0.0115	0	0.905
N19	0	0	0.3427	0.0459	0	0.6114
N2	0	0	0.2743	7e-04	0	0.725
N20	0	0.0099	0.0582	0	0	0.9319
N21	0	0.0355	0.1685	0.0266	0	0.7694
N22	0	0	0.2322	1e-04	0	0.7677
N23	0.0131	0.0055	0.0288	0.029	0	0.9236
N24	0.9403	0	0	0	0	0.0597
N25	0	0.0612	0	0	0	0.9388
N26	0.097	0.0427	0	0	0	0.8603
N27	0	0	0.2183	1e-04	0	0.7816
N28	0	0	0.2613	0	0	0.7387
N29	1e-04	0	0.0773	0	0	0.9226
N3	0	0.0093	0.1165	0.0014	0	0.8728
N30	1e-04	5e-04	0.1327	0.0343	0	0.8324
N31	0.1198	0.0061	0.2515	0.003	0	0.6196
N33	0	0.0768	0	0.0268	0	0.8964
N34	0	0.0307	0.1092	0.0968	0	0.7633
N35	0	0	0.2404	0	0	0.7596
N36	0	0	0.2056	0	0	0.7944
N37	0.0035	0.1563	0	0.0264	1e-04	0.8137
N38	0	0.0166	2e-04	0	0	0.9832
N39	0	0.1202	0.0984	2e-04	0	0.7812
N4	0	0	0.1565	0.0312	0	0.8123
N41	0	0.002	0	0	0.0015	0.9965
N42	0	0.0728	0.0719	3e-04	0.0463	0.8087
N43	0.0243	0	0.1129	0	0	0.8628
N45	0	0	0.2204	0	0	0.7796
N46	0	0	0.1539	0	0	0.8461
N47	0	0	0.1048	0.074	0	0.8212
N48	0.001	0.0306	0.14	0	0	0.8284
N49	0	0.0016	0.0053	0.1452	0	0.8479
N5	0.9385	0	2e-04	0	0	0.0613
N50	0	0.0233	0.0079	0.0044	0	0.9644
N51	0.0117	2e-04	0.0686	0.0012	0	0.9183
N52	0	0.0608	0.1459	0	0	0.7933
N53	0	0	0.1117	0	0	0.8883
N54	0	0	0.1894	0	0	0.8106
N55	0	0.0349	0.0102	0	0	0.9549
N56	0	5e-04	0	3e-04	0	0.9992
N6	0	0.035	0.3696	2e-04	0	0.5952
N8	0	0.1634	0	0	0	0.8366
N9	0	0.0053	0.3905	1e-04	0	0.6041
N100	0.626	0	0	4e-04	0	0.3736
N103	0	0.0374	0	0	0	0.9626
N105	0	0	0.1752	0	0	0.8248
N107	0	0.0147	0.0429	0.0098	0	0.9326
N108	0	0.0246	0	0	0	0.9754
N109	0	0.0122	0.2928	0.0271	0	0.6679
N110	0.0139	0.1912	0.1291	4e-04	1e-04	0.6653
N111	0	0.0364	0.0146	0	0	0.949
N112	0	0.0216	0.0576	0	0	0.9208
N113	0	0.0368	3e-04	0.0416	0.0116	0.9097
N114	0	0.036	0.0991	0	0	0.8649
N115	0	0	0.051	0	0	0.949
N116	0	0.1802	0.0831	0.0012	0	0.7355
N117	0	1e-04	0.149	0	0	0.8509
N118	0	0	0.2119	2e-04	1e-04	0.7878
N119	0.0121	0.021	0.0634	0	0	0.9035
N120	0	0	0	0.0769	0	0.9231
N61	0	0.1662	0.012	0	0	0.8218
N63	0.0019	0.0116	0	0.1212	0	0.8653
N64	0	0.1117	0.0513	0	0	0.837
N65	6e-04	0	0.1902	0	0	0.8092
N66	0	0	0.2209	0	0	0.7791
N67	0	0.0152	0.054	0.0382	0	0.8926
N68	0	0.0363	0.0531	2e-04	0	0.9104
N69	0	1e-04	0	0	0	0.9999
N70	0	0	0	0.0046	6e-04	0.9948
N71	0.0871	0.05	0.1535	0	0	0.7094
N72	0	0.018	0	1e-04	0	0.9819
N73	4e-04	0.2131	0.0596	1e-04	0	0.7268
N74	0	0	0.0716	5e-04	0	0.9279
N75	0.0459	0	0.0269	0	0	0.9272
N76	0	0	0.087	0	0	0.913
N77	1e-04	0	0.2143	0	0	0.7856
N78	0	0	0.2552	0	0	0.7448
N79	2e-04	0.0445	0.2352	0	0	0.7201
N80	0	0.0487	0.0684	0	0	0.8829
N81	0	0	0	0.0078	2e-04	0.992
N82	0	0.0165	0	0	0	0.9835
N83	1e-04	0	0.1915	0	0	0.8084
N84	0	0	0.1826	0	0	0.8174
N85	0.0281	0.0215	0	0	1e-04	0.9503
N86	0	0.0371	0	0	0	0.9629
N87	0	0	0.1523	6e-04	0	0.8471
N88	0	0	0.0817	0.009	5e-04	0.9088
N89	0	0.2941	0	3e-04	0	0.7056
N91	0	0.0489	1e-04	0.0012	0	0.9498
N92	0.016	7e-04	0.0368	0.0018	0	0.9447
N93	0	0.1071	0.0526	0	0	0.8403
N94	0	0.0445	0	0	0	0.9555
N95	0.0146	3e-04	0.0386	0.0021	0	0.9444
N96	0	0.0119	4e-04	0.0067	1e-04	0.9809
N97	0	0	0.2171	0	0	0.7829
N98	0	0	0.2015	0	0	0.7985
N99	0.0239	1e-04	0.0849	0.0311	1e-04	0.8599
UC1	0	0	0.6559	1e-04	0	0.344
UC10	0	0.2126	0.0794	0.0015	1e-04	0.7064
UC11	0	0	0.1644	0	0	0.8356
UC12	0	0	0.5809	0	0	0.4191
UC13	0	0	0.2416	0	0	0.7584
UC14	0.0053	0.0013	0.1836	0	0	0.8098
UC15	0	0.0265	0.1007	0	0	0.8728
UC16	1e-04	0.3203	0.0733	0.0083	0	0.598
UC17	0	0	0.3629	0	0	0.6371
UC18	0	6e-04	6e-04	0.006	0	0.9928
UC19	0	0.05	0.2842	0.0012	0	0.6646
UC2	0	0	0.0674	0	0	0.9326
UC20	0	0	0	0	0	1
UC21	0	0.0536	0	0.0189	0	0.9275
UC22	0	0.1963	0.0989	0.0031	0	0.7017
UC23	0	0	0.5525	0	0	0.4475
UC24	0	0	0.5219	0	0	0.4781
UC25	0	0.0259	0.1802	0	0	0.7939
UC26	0	0	0.1592	0	0	0.8408
UC29	0	0.1755	0.0507	8e-04	0	0.773
UC3	0	0.0017	0.1997	0	0	0.7986
UC30	0	0.4671	0.2033	1e-04	0	0.3295
UC31	0	0	0.5355	0	0	0.4645
UC32	0	0	0.4931	0	0	0.5069
UC33	0.0115	3e-04	0.0064	0	0	0.9818
UC34	0.1503	0	0	1e-04	0	0.8496
UC35	0	0.0013	0.1771	0	0	0.8216
UC36	0	0	0.08087367	0	0	0.91912633
UC37	0	0.026	0.0673	4e-04	0	0.9063
UC38	0.0106	0.1801	0.0753	0.0014	0	0.7326
UC39	0.0563	0	0	1e-04	0	0.9436
UC4	0	0	0.2798	0	0	0.7202
UC40	0	0	0	5e-04	0	0.9995
UC41	0	0.0271	0.1049	0	0	0.868
UC42	0	0.1678	0.1141	0.0289	0	0.6892
UC43	0	0	0.5457	0	0	0.4543
UC44	0	0	0.4362	0	0	0.5638
UC45	0.0295	0.0028	0.0387	0	0	0.929
UC46	0	0	0	0	0	1
UC47	0	0.1142	0.1213	0	0	0.7645
UC48	0	0	0.2287	2e-04	0	0.7711
UC49	0	0	0.2394	0	0	0.7606
UC5	0	0	0.5794	0	0	0.4206
UC50	0	0.1229	0.1166	0	0	0.7605
UC51	0	0	0.5205	0	0	0.4795
UC52	0	0	0.4589	0	0	0.5411
UC53	0	0.0031	0.0151	0	0	0.9818
UC55	0	0	0.1931	9e-04	0	0.806
UC56	0	0.077	0.082	0	0	0.841
UC58	0	0.0187	0	0.0118	0	0.9695
UC6	0	0	0.5329	0	0	0.4671
UC60	0	0.0096	0.2238	6e-04	0	0.766
UC7	0	0.0483	0.2448	0	0	0.7069
UC9	0	0.0197	0.09	0.0194	0	0.8709
UC100	0	0.054	0.1631	0	0	0.7829
UC102	0	0	0.1054	0	0	0.8946
UC103	0	0	0.3361	0	2e-04	0.6637
UC104	0	0	0.6468	0	0	0.3532
UC105	0.0174	0.1277	0.0077	0	0	0.8472
UC107	0	0.0838	0.0106	0	0	0.9056
UC108	4e-04	0.1017	0	0	0	0.8979
UC109	0	0	0.1339	2e-04	1e-04	0.8658
UC110	0	0.0268	0.0953	0	0	0.8779
UC111	0.0175	0.2415	0.0343	1e-04	0	0.7066
UC112	2e-04	0.0896	0.0584	0	0	0.8518
UC114	0	0	0.3817	0	0	0.6183
UC115	0	0	0.0848	0.0243	0	0.8909
UC116	0	0	0.0898	0	0	0.9102
UC117	0	0	0.2106	0	0	0.7894
UC118	3e-04	0.0025	0.0455	4e-04	0	0.9513
UC119	0	0.0826	0.0788	0	0	0.8386
UC120	0	0.0921	0.0949	0	0	0.813
UC61	0	0	0.2488	0	0	0.7512
UC62	0	0	0.2109	0	0	0.7891
UC63	3e-04	0	0.0042	0.0969	0	0.8986
UC64	8e-04	2e-04	0.1102	5e-04	1e-04	0.8882
UC68	0	0	0.541	0	0	0.459
UC69	0	0.0865	0	0	0	0.9135
UC70	0	0	0.103	0	0	0.897
UC72	0	0	0.5521	0	0	0.4479
UC73	0.0719	3e-04	0.078	0	0	0.8498
UC75	0	0.0219	0.0079	0.0154	0	0.9548
UC76	0	4e-04	0.1137	0	0	0.8859
UC77	0	0	0.0956	0	0	0.9044
UC78	0	0	0.2823	0	0	0.7177
UC79	7e-04	0.0039	0.0712	3e-04	0	0.9239
UC80	0	0.0233	0.1413	0	0	0.8354
UC81	0.0048	0.0088	0.0525	2e-04	0	0.9337
UC82	0.0335	0.0172	0.0457	0	0	0.9036
UC83	0	0.0428	0.0385	0	0	0.9187
UC84	0	0.03	1e-04	0	0	0.9699
UC85	0	0	0.4431	0	0	0.5569
UC86	0	0	0.5647	0	0	0.4353
UC87	0	0	0.0799	0.0084	0	0.9117
UC88	0	0.0085	0	0.0148	0	0.9767
UC89	0	0	0	0.0215	0	0.9785
UC90	0	0.0258	0.059	0	0	0.9152
UC91	0	0	0.3038	0	0	0.6962
UC92	0	1e-04	0.1353	0	0	0.8646
UC93	0	0	0.4303	0	0	0.5697
UC94	0	0	0.5316	0	0	0.4684
UC95	0	2e-04	0.0581	0	0	0.9417
UC96	0.8981	0.0054	2e-04	0	0	0.0963
UC97	0	0.0129	0	5e-04	0	0.9866
UC98	0.0097	0	0.2601	1e-04	0	0.7301
UC99	0	0.1732	0.0521	1e-04	0	0.7746
UIC1	0	0.0294	0.2195	0	0	0.7511
UIC10	0.0032	0	0.3064	0	0	0.6904
UIC11	0.0159	0.0181	0	0	0	0.966
UIC12	0.0107	0.0213	0	0.007	0	0.961
UIC13	0.0233	4e-04	0.1046	0	0	0.8717
UIC15	0.0183	0.1943	0.32	0	0	0.4674
UIC16	3e-04	0.0264	0	0.0069	0	0.9664
UIC17	0.0119	0	0.2753	0	0	0.7128
UIC18	0.0021	0.0404	0.2117	4e-04	0	0.7454
UIC19	0	0.6904	0.0607	1e-04	0	0.2488
UIC2	0.009	0	0.1287	0.0012	0	0.8611
UIC20	0	0.0157	0.0768	0	0	0.9075
UIC21	0	0.0409	2e-04	0	1e-04	0.9588
UIC22	0.0547	0.1393	0.0767	1e-04	0	0.7292
UIC24	0	0	0	0	0	1
UIC26	0	0.1892	0.1783	3e-04	0	0.6322
UIC28	0	0	0.6369	0	0	0.3631
UIC29	0	0	0.2285	0	0	0.7715
UIC3	0	0	0.2153	0	0	0.7847
UIC30	0	0	0.2694	2e-04	0	0.7304
UIC31	0.0587	0	0.6742	0	0	0.2671
UIC32	0.0498	0.1656	0.0623	0.0239	0	0.6984
UIC33	0	2e-04	0.2644	0	0	0.7354
UIC34	0	0	0.6045	0	0	0.3955
UIC35	0	0	0.1757	0	0	0.8243
UIC36	0	1e-04	0.2376	0.001	0	0.7613
UIC37	0.0118	0.0247	0.3705	0.0487	0	0.5443
UIC38	0.0604	0	0.2891	0	0	0.6505
UIC39	0	0.0314	0.2986	0	0	0.67
UIC4	0.014	0	0.147	0.0083	2e-04	0.8305
UIC41	0.0581	0	0.251	0	0	0.6909
UIC43	0	1e-04	0.2616	0	3e-04	0.738
UIC45	1e-04	0	0.6204	0	0	0.3795
UIC46	0	0.2931	0.1582	0	0	0.5487
UIC47	0.029	0	0.4213	0.0406	0	0.5091
UIC48	0.0325	0	0	0.001	0	0.9665
UIC49	0.0114	0.0529	0	0.0017	0	0.934
UIC5	0	0.0407	1e-04	0	0	0.9592
UIC50	0.0162	0.0549	0.062	0	0	0.8669
UIC51	0.0356	0.02	0.1111	0.0345	0	0.7988
UIC53	0.0074	0.0436	0.4458	0	1e-04	0.5031
UIC54	0.0216	0	0.0035	0	0	0.9749
UIC55	0.0248	0.1114	0.1762	0	0	0.6876
UIC56	0	0	0.5575	0	0	0.4425
UIC57	0	0	0.0729	0.0057	0	0.9214
UIC58	0	0	0.1756	0	0	0.8244
UIC59	0	0	0.2393	6e-04	0	0.7601
UIC6	0.0562	0.0145	1e-04	0	0	0.9292
UIC60	0.0378	0.0835	0.0673	0	0	0.8114
UIC7	0	0	0.6555	0	0	0.3445
UIC9	0.0162	0.0124	0.1979	0	0	0.7735
UIC100	0.0592	0.0921	0	0	0	0.8487
UIC101	0	0.0118	0	6e-04	0	0.9876
UIC102	0	0	0.4043	0.0014	1e-04	0.5942
UIC103	0.2643	0.0226	0.0651	0	0	0.648
UIC104	0	0.3646	0.0622	2e-04	0	0.573
UIC105	0.0345	0	0.249	0	0	0.7165
UIC106	0	0	0.2059	0	0	0.7941
UIC107	1e-04	0	0.3493	0	0	0.6506
UIC108	0	0	0.1798	0	0	0.8202
UIC110	0.0013	0	0.2698	0	0	0.7289
UIC111	0	0.2224	0.0222	0	1e-04	0.7553
UIC112	0	5e-04	0	4e-04	0	0.9991
UIC114	0	0	0.1671	0	0	0.8329
UIC115	0	0.0435	0	0	0	0.9565
UIC116	0.4281	0.0197	0.0089	0.0093	0.015	0.519
UIC117	0	0	0.2964	0	0	0.7036
UIC118	2e-04	0	0.2308	0	0	0.769
UIC120	0	0.0164	0.1216	1e-04	0	0.8619
UIC61	0.0093	0	0.213	0	0	0.7777
UIC63	0.0625	0.1855	0.0074	0.0028	0	0.7418
UIC64	0.0087	1e-04	0.2697	0	0	0.7215
UIC65	0	0	0.2658	0	0	0.7342
UIC66	0	0	0.222	0.0021	0	0.7759
UIC67	2e-04	0.0373	0.2882	0.0462	0	0.6281
UIC68	0.014	0.0165	0.1311	0	0	0.8384
UIC69	0.0565	0.1196	0	0.0363	0	0.7876
UIC70	0.0206	0.0989	0.2038	0	0	0.6767
UIC71	0	1e-04	0.416	0.0049	0	0.579
UIC72	0.018	0.0082	0.1794	1e-04	0	0.7943
UIC75	0.2269	0.0019	0.0079	0.0302	0	0.7331
UIC76	0.029	0.1314	0.1068	3e-04	0	0.7325
UIC77	0	0	0.1608	0	0	0.8392
UIC80	0	0	0.2117	0	0	0.7883
UIC81	0	0	0.2265	1e-04	0	0.7734
UIC82	0.0261	0	0.2364	0	0	0.7375
UIC83	0	0.0405	0.035	0	1e-04	0.9244
UIC85	0	0	0.1019	5e-04	0	0.8976
UIC86	0	0.0466	0.0017	0.0193	0	0.9324
UIC87	0.0082	0	0.2724	0.0204	0	0.699
UIC88	0.2609	0	0.0044	0	0	0.7347
UIC89	0	0	0.2387	0	0	0.7613
UIC90	0.0043	0.4409	0.1518	0	0	0.403
UIC91	0	0	0.2381	3e-04	0	0.7616
UIC93	0.038	0	0.2022	0.0155	0	0.7443
UIC94	0.0053	0	0.2121	0	0	0.7826
UIC96	2e-04	0.4619	0.1233	0	0	0.4146
UIC97	0	0.0284	0.0307	0	0	0.9409
UIC98	0.0037	0.0034	0.0232	0.0413	0	0.9284
12.I	0.003	0.0079	0.1098	0.1256	0	0.7537
13.I	0	0	0.0414	0	0	0.9586
14.I	0	0.0837	0.0901	0.0856	0	0.7406
17.I	0	0	0.0457	0.0309	0	0.9234
18.I	0.0111	0.0393	0.1652	0	0	0.7844
19.I	0	0	0.0911	0.0565	0	0.8524
20.I	0.0062	0.0363	0.1662	0.0643	0	0.727
22.I	0	0	0.0346	0.0344	0	0.931
23.I	0	0.0198	0.2086	0.0346	0	0.737
24.I	2e-04	0	0.0324	0	0	0.9674
25.I	0.0287	0.0871	0.0924	0.0072	0.0108	0.7738
26.I	0.0016	0.0025	0.1053	0	0	0.8906
27.I	0	0.002	0.1429	0.0315	0	0.8236
28.I	0	0.0416470687764701	0.0377647088235291	0.0507058884705872	0	0.869882333929414
29.I	0	1e-04	0.0038	0.0079	0	0.9882
30.I	0	0	0.1049	6e-04	0	0.8945
32.I	0	0	0.6527	0	0	0.3473
33.I	0.0276	0.0318	0.1539	0	0	0.7867
34.I	0	0.027	0.0118	0.0109	0	0.9503
35.I	0.0455	0.028	0.1039	0.0023	0	0.8203
36.I	0	0.0151	7e-04	2e-04	1e-04	0.9839
37.I	0.0011	0.0131	0.1498	0.0627	1e-04	0.7732
38.I	0.022	0.003	0.0707	0.089	0	0.8153
39.I	0.0079	0	0.0863	0.039	0	0.8668
40.I	0.17	0.0145	0.0646	0.0374	1e-04	0.7134
41.I	1e-04	0	0.0916	0.0714	0	0.8369
42.I	0	0	0.1656	0	0	0.8344
43.I	2e-04	0	0.2303	2e-04	0	0.7693
44.I	0	0.1584	0.1753	0.0701	0	0.5962
46.I	0	0	0.2658	0	0	0.7342
47.I	0	0	0.0414	0	0	0.9586
48.I	0	0	0.0405	0.0014	2e-04	0.9579
49.I	0	0	0	0	0	1
50.I	1e-04	0	0.2109	0	0	0.789
51.I	3e-04	0.02	0.1092	0.0097	0	0.8608
52.I	9e-04	0	0.1495	0.0351	0	0.8145
53.I	0.0131	0	0.1928	0.0276	0	0.7665
54.I	0.0016	0.0244	0.1353	0.0463	0	0.7924
55.I	1e-04	1e-04	0.112	0	0	0.8878
56.I	0.0222	0	0.3503	0.0012	0	0.6263
57.I	0	1e-04	0.1457	0.0972	0	0.757
58.I	0.0063	0	0.119	0.0726	1e-04	0.802
59.I	3e-04	0.0569	0.2249	0.0784	0	0.6395
61.I	0	0	0.1629	0.2202	0	0.6169
62.I	0	0.0207	0.0782	0.0132	0	0.8879
63.I	0	0	0.1695	0.0316	0	0.7989
65.I	0	0.0225	0.1868	0.1274	0	0.6633
66.I	0	1e-04	0.0869	0.0953	0	0.8177
67.I	1e-04	0.14	0.1573	0.0247	0	0.6779
70.I	0	0.1685	0.2545	0.0011	0	0.5759
72.I	0.0196	0.0474	0.0815	0.034	1e-04	0.8174
74.I	0	0.0193	0.0205	0.016	0	0.9442
75.I	0	0.0013	0.1227	0.0052	0	0.8708
76.I	3e-04	0	0.021	0.0717	0	0.907
77.I	0	0	0.1705	0.0933	0	0.7362
78.I	0	0.0076	0.1241	0.0385	0	0.8298
81.I	0	0	0.1797	0.0529	0	0.7674
88.I	0.0259	0	0.0917	0.0738	0	0.8086
90.I	0	0	0.0377	0.142	0	0.8203
93.I	0	0	0.1821	0.0046	1e-04	0.8132
95.I	0	0	0.0874	0.1556	0	0.757
100.I	1e-04	0	0.0934	0.0013	0	0.9052
101.I	0	0	0.148	0.0404	0	0.8116
102.I	0.0096	0	0.134	0.0276	1e-04	0.8287
106.I	0	0	0.1226	0	0	0.8774
107.I	0.1772	0	0.2897	0	0	0.5331
109.I	0.0119	0.06	0.1887	0	0	0.7394
112.I	0.0268	0.0189	0.0597	0.0425	0	0.8521
114.I	0	0.015	0.0876	0	0	0.8974
115.I	0	0.0028	0.0887	0.0358	0	0.8727
118.I	0	0.0411	0.1387	0.047	0	0.7732
119.I	0.012	1e-04	0.0619	0.1106	0	0.8154
121.I	4e-04	0	0.1043	0.1003	0	0.795
123.I	0	0	0.1038	0.1292	0	0.767
127.I	0	0	0.0695	0.0448	0	0.8857
128.I	0	0	0.1079	0.0026	0	0.8895
129.I	0.0167	3e-04	7e-04	0.0306	0	0.9517
131.I	9e-04	0	0.0766	0.0039	0	0.9186
132.I	0.0084	0	0.0725	0.2005	0	0.7186
133.I	0	0	0.0354	0.0237	0	0.9409
134.I	0.0246	0.0224	0.1702	1e-04	0	0.7827
136.I	0.0053	0.0268	0.1084	0.1433	1e-04	0.7161
137.I	0.002	0	0.1986	0.0801	0	0.7193
139.I	0	0.0053	0.1573	9e-04	0	0.8365
140.I	0	0.0018	0.0337	0.0227	0	0.9418
141.I	0	0	0.0362	0.0128	0	0.951
142.I	2e-04	0	0.1283	0.0192	0	0.8523
143.I	0	0.0022	0.0564	0.0603	0	0.8811
144.I	0	0	0.1314	0.0202	0	0.8484
145.I	0.011	0.0291	0.1813	0.0183	0	0.7603
147.I	0	0	0.1285	0.0238	0	0.8477
150.I	0	0	8e-04	0	0	0.9992
152.I	0	0	0.0758	0.073	0	0.8512
153.I	0.0535	0	0.1469	2e-04	1e-04	0.7993
155.I	0	0	0.1266	0.0535	0	0.8199
158.I	0	0.0213	0.1288	0.001	0	0.8489
160.I	6e-04	0.0134	0.1844	0.0204	0	0.7812
162.I	0.0052	0	0.0791	0.0382	0	0.8775
163.I	2e-04	0	0.1069	9e-04	0	0.892
164.I	5e-04	0	0.1291	0.1734	0	0.697
165.I	2e-04	0	0.0179	0.0726	0	0.9093
166.I	0	0.0018	0.0145	5e-04	0	0.9832
167.I	0.048	0	0.0595	0.0038	0	0.8887
168.I	0	0	0.1378	0.0804	0	0.7818
170.I	5e-04	1e-04	0.1083	0.0066	0	0.8845
173.I	0.0077	0	0.1046	0.0018	0	0.8859
174.I	0.0521	0.0012	0.0927	0.0728	0	0.7812
175.I	0	0	0	0.0788	0	0.9212
176.I	8e-04	8e-04	0.1824	0.0467	0	0.7693
179.I	0	0.0642	0.1038	0.0353	0	0.7967
180.I	0	0	0.1429	0.0744	0	0.7827
182.I	0.0224	2e-04	0.0893	0.0073	0	0.8808
185.I	0.0208	0.0314	0.098	0.0298	3e-04	0.8197
186.I	0	0	0.0117	0	0	0.9883
187.I	7e-04	0.0566	0.1533	0.0143	4e-04	0.7747
189.I	0.0867	1e-04	0.1426	0	0	0.7706
190.I	0	0.0312	0.2225	0.0098	0	0.7365
191.I	0.0147	0.0102	0.1352	0.0259	0	0.814
192.I	0	0	0.0677	0	0	0.9323
193.I	0.0041	0	0.1659	0.0209	0	0.8091
194.I	0	0	0.162	6e-04	0	0.8374
195.I	7e-04	0	0.1029	0	0	0.8964
196.I	2e-04	0.0422	0.1458	0.0561	0	0.7557
198.I	0.0067	0	0.1682	0.0128	0	0.8123
199.I	3e-04	0	0.1321	0.079	0	0.7886
202.I	0	8e-04	0.094	0.0733	0	0.8319
203.I	0	1e-04	0.0782	0.0363	0	0.8854
204.I	0.0251	0	0.0501	0.05	7e-04	0.8741
205.I	0	0	0.061	1e-04	0	0.9389
206.I	0.0354	1e-04	0.1086	0.0774	0	0.7785
208.I	0.0085	0.0028	0.0422	0.0208	0	0.9257
209.I	0	0	0	0.0205	0	0.9795
210.I	0	0.0017	0.0938	0.0293	0	0.8752
212.I	0	0	0.1521	0.0229	0	0.825
213.I	0	0.1002	0.0319	0.0155	1e-04	0.8523
214.I	1e-04	0.0226	0.1094	0.046	0	0.8219
215.I	1e-04	5e-04	0.1906	0	0	0.8088
216.I	0.0419	0.001	0.1088	0.0966	0	0.7517
217.I	0	0	0.0629	0	0	0.9371
218.I	0	0	0.0949	0.0183	2e-04	0.8866
220.I	1e-04	0	0.1619	0.0604	0	0.7776
222.I	0.0059	0	0.0717	0.1047	0	0.8177
224.I	0.0237	0.0169	0.1942	0.0102	0	0.755
225.I	0.0136	1e-04	0.1285	0.0436	0	0.8142
226.I	2e-04	0	0.2078	0.0716	0	0.7204
227.I	6e-04	0	0.1319	0.0343	0	0.8332
228.I	0.0247	0	0.0755	0.0067	3e-04	0.8928
230.I	0	0	0.1232	0.0869	0	0.7899
231.I	0	0	0.2111	0.0284	0	0.7605
232.I	0.0036	0	0.1045	0.0092	0	0.8827
233.I	0.1062	0	0.1069	0.0986	0	0.6883
234.I	0	0	0.0883	0.0462	0	0.8655
235.I	0	0	0.0981	0	0	0.9019
236.I	0	0	0.1267	0.0222	0	0.8511
237.I	0	0.0332	0.1262	0	0	0.8406
238.I	0	0.0237	0.1099	0.0565	0	0.8099
239.I	0.033	0	0.0716	0.0966	0	0.7988
240.I	0	0.0408	0.2362	0.0773	0	0.6457
242.I	0.0024	0	0.0593	0.0332	0	0.9051
243.I	0.0208	0.0246	0.0479	0	0	0.9067
244.I	1e-04	0.0133	0.0798	0.0122	0	0.8946
245.I	1e-04	0	0.0203	0.0081	0	0.9715
247.I	2e-04	0.0194	0.1531	2e-04	0	0.8271
248.I	0.0226	1e-04	0.0933	0.0291	0	0.8549
249.I	0.0011	0	0	0	0	0.9989
250.I	0.0116	1e-04	0.0912	0.0366	0	0.8605
251.I	0	0.0011	9e-04	0.0171	0	0.9809
252.I	0.0289	2e-04	0.1198	8e-04	0	0.8503
253.I	0	0	0	0.6754	0	0.3246
254.I	0	0.0721	0.1595	0	0	0.7684
255.I	0.0331	0	0.1161	0.0546	0	0.7962
256.I	0.0136	0	0.0896	0.0366	0	0.8602
257.I	0.0385	0.026	0.1598	0.0828	3e-04	0.6926
258.I	3e-04	0	0.144	0.0189	0	0.8368
260.I	7e-04	1e-04	0.0468	0.0086	0	0.9438
261.I	0	1e-04	0.0348	6e-04	0	0.9645
262.I	0.001	0	0.1282	0	0	0.8708
263.I	4e-04	0.021	0.1483	0.0341	0	0.7962
264.I	0.0302	8e-04	0.0432	8e-04	0	0.925
265.I	0	0	0.1666	0.0288	0	0.8046
266.I	0.0221	0.0512	0.0671	0.0481	0	0.8115
268.I	0.0017	4e-04	0.1294	0.0427	0	0.8258
270.I	0	0	0.1225	0.0934	0	0.7841
271.I	0	0.0363	0.0192	0.3419	0	0.6026
272.I	0.0014	0	0.0714	0.1429	0	0.7843
273.I	0	0.0667	0.1351	0.0467	0	0.7515
274.I	2e-04	0.01	0.2649	1e-04	0	0.7248
277.I	0.0774	2e-04	0.1421	0.0797	0	0.7006
278.I	4e-04	0.0403	0.0988	0.0098	0	0.8507
279.I	0	0.1407	0.0876	0	0	0.7717
280.I	0	0.0234	0.0823	0.0337	0	0.8606
281.I	0	0	0.13	0	0	0.87
282.I	0	0	0.0527	0.0143	0	0.933
283.I	1e-04	0	0.1552	0	0	0.8447
285.I	0	0	0.1596	0.0771	0	0.7633
286.I	1e-04	0	0.0442	0.0136	0	0.9421
287.I	0.0103	0.0085	0.0271	0.008	0	0.9461
288.I	4e-04	0.0349	0.0635	0.0317	0	0.8695
289.I	0	0.0012	0.0943	0.0162	0	0.8883
290.I	0.0014	0.0222	0.1974	0	1e-04	0.7789
292.I	0	0	0.0894	0.039	0	0.8716
293.I	0	0	0.075	0.048	0	0.877
294.I	0	0	0.0226	0.0277	0	0.9497
295.I	0.01	6e-04	0.0931	0.0448	0	0.8515
296.I	0	0	0.1331	0.0178	0	0.8491
298.I	0	0	0.0895	0.0114	0	0.8991
299.I	0.0074	0	0.0986	0.0078	0	0.8862
300.I	0	0.0071	0.2236	0	0	0.7693
302.I	0.0311	0	0.1151	0.0361	0	0.8177
303.I	0.0146	0	0.1832	0.0167	0	0.7855
304.I	0	0.0725	0.079	0.0081	3e-04	0.8401
305.I	0	0	0.1707	0	0	0.8293
306.I	0.001	5e-04	0.2041	0.0442	0	0.7502
307.I	3e-04	0.0282	0.1286	0.004	0	0.8389
308.I	0	0	0.0414	0.0364	0	0.9222
309.I	4e-04	0.0319	0.1143	0	0	0.8534
311.I	0	0.0952	0.1664	0	0	0.7384
312.I	0	0.0048	0.0572	0.0877	0	0.8503
313.I	0	0	0.0044	1e-04	5e-04	0.995
314.I	0	1e-04	0.0311	4e-04	0	0.9684
316.I	0	0	0	0	0	1
317.I	0.0049	0.0725	0.0338	1e-04	0	0.8887
318.I	0	0	0.0803	0	0	0.9197
319.I	1e-04	0	0.0491	2e-04	0	0.9506
320.I	0	2e-04	0.1198	0.0042	1e-04	0.8757
321.I	0	0.0145	0.0618	0.0508	0	0.8729
322.I	0.0138	0	0.0828	0.0577	0	0.8457
323.I	0.0013	0	0.1496	6e-04	0	0.8485
325.I	0	0	0.1196	0.0307	0	0.8497
326.I	5e-04	0.011	0.1299	0.0354	0	0.8232
327.I	0	0.033	0.1761	0.0416	0	0.7493
328.I	0	0	0.2121	0.0241	0	0.7638
329.I	9e-04	0	0.1781	0	0	0.821
330.I	0	0.0295	0.2397	0.0154	0	0.7154
331.I	0	0	0.0485	1e-04	0	0.9514
332.I	0	0.0261	0.3139	0.0029	3e-04	0.6568
333.I	0.0083	0	0.1018	0.0086	0	0.8813
334.I	0.0069	0	0.1779	0.0062	0	0.809
335.I	7e-04	0	0.0736	0.0828	0	0.8429
336.I	0	0	0.1582	0.0189	0	0.8229
337.I	0	0.0086	0.0798	0	0	0.9116
338.I	0.0129	0	0.0878	0.0243	0	0.875
339.I	0.0042	0	0.1361	0.091	0.0022	0.7665
340.I	0	0.0045	0.0973	0.0016	0	0.8966
341.I	0	0.0267	0.0672	6e-04	0.0072	0.8983
342.I	0.0276	0.0493	0.0927	0.014	0	0.8164
343.I	0.0107	6e-04	0.0406	0.0116	0.0111	0.9254
344.I	5e-04	0.048	0.1473	0.0337	0	0.7705
345.I	0	0	0.0662	0.0277	0	0.9061
346.I	0	0.0312	0.3506	0.0638	0	0.5544
347.I	0	0.0196	0.3461	0.0028	0	0.6315
348.I	0	0.0012	0.0432	0.0104	0	0.9452
349.I	3e-04	9e-04	0.1963	0.0193	4e-04	0.7828
350.I	0	0	0.116	0.0608	0	0.8232
351.I	1e-04	0.0577	0.3151	0.001	0	0.6261
353.I	4e-04	0	0.0773	0.001	0	0.9213
354.I	0	0	0.1265	0.0375	0	0.836
355.I	0	0.0452	0.1711	0.0512	0	0.7325
357.I	0	0	0.2246	5e-04	0	0.7749
358.I	0.0549	0.0152	0.1935	0	0	0.7364
360.I	0.0265	0.0841	0.1359	0.0077	0	0.7458
363.I	0	1e-04	0.0811	0.0306	0	0.8882
364.I	0.0569	0	0.102	0.078	0	0.7631
366.I	0	0.0104	0.0562	0.0324	0	0.901
367.I	0.018	0	0.1797	0.013	4e-04	0.7889
368.I	0	0.0322	0.0727	0	0	0.8951
369.I	0.0189	0	0.0544	0.0013	4e-04	0.925
370.I	0	0.0514	0.0852	0.0731	0	0.7903
371.I	0	0.0012	0.0863	0.0256	0	0.8869
373.I	0	0	0.1565	0.0523	0	0.7912
374.I	0	0	0.1329	0	0	0.8671
375.I	0	0.0348	0.0918	0.0042	0	0.8692
377.I	0	0.0486	0.1734	0.055	0	0.723
380.I	0.0386	3e-04	0.1039	0.0364	0	0.8208
381.I	3e-04	0	0.1215	0.0338	0	0.8444
382.I	0.0601	0.0321	0.2186	8e-04	0	0.6884
383.I	0	0	0.2116	0.0188	0	0.7696
384.I	0	0	0.2056	0.0162	0	0.7782
385.I	9e-04	0.0578	0.1249	0.1835	0	0.6329
386.I	0	0	0.5307	0	0	0.4693
391.I	0	0	0.0924	0.0606	0	0.847
392.I	0.01	0.0286	0.0974	0.0066	0	0.8574
393.I	3e-04	0	0.0754	0	0	0.9243
396.I	0.034	0	0.0382	0.0783	0	0.8495
397.I	0	0	0.4562	4e-04	0	0.5434
398.I	2e-04	0.0219	0.1441	0.0324	0	0.8014
399.I	0.0084	0.1188	0.0518	0.005	0	0.816
400.I	0	0	0.1576	0	0	0.8424
401.I	0.0305	0.0011	0.0585	2e-04	0	0.9097
403.I	0.0099	0	0.1077	0.0162	0	0.8662
405.I	7e-04	0	0.1029	0.0327	0	0.8637
407.I	0.002	0	0.0807	0.0584	0	0.8589
408.I	0.0263	0	0.0484	0.0618	0	0.8635
409.I	0	0	0.1339	0	0	0.8661
410.I	0	0.0067	0.0642	0.0457	0	0.8834
411.I	0	0.0962	0.1179	0.0336	0	0.7523
412.I	0	3e-04	0.091	0.0298	0	0.8789
414.I	0.0071	0.0414	0.1566	0.027	0	0.7679
416.I	0.0015	0.002	0.0693	0.0476	0	0.8796
418.I	0.007	0.0233	0.1477	0	0	0.822
419.I	0.033	0	0.1792	0.0127	0	0.7751
421.I	0.0085	0	0.0701	0.0159	1e-04	0.9054
422.I	1e-04	0.1587	0.0601	0.0257	0	0.7554
423.I	0.0129	0.0562	0.0612	0.0723	0	0.7974
424.I	0	0.004	0.1162	0.0107	0	0.8691
425.I	0	0	0.1239	0.0322	0	0.8439
426.I	0	0.0856	0.0696	0.0287	0	0.8161
428.I	0	0.0295	0.1204	0.0027	0	0.8474
429.I	0	0	0.0674	3e-04	0	0.9323
430.I	0.0104	0.017	0.118	1e-04	1e-04	0.8544
432.I	0	0.0013	0.1113	0.0194	0	0.868
433.I	0.0203	0	0.0657	0.3025	0	0.6115
434.I	0	0.0143	0.1515	0.017	0	0.8172
435.I	9e-04	0.0111	0.1362	0.001	1e-04	0.8507
436.I	0	0	0.0298	0	0	0.9702
437.I	0	0.0173	0.1928	0.0202	2e-04	0.7695
438.I	0.0239	0.0019	0.0709	0.0233	0	0.88
439.I	0	0	0.0275	0.0274	0	0.9451
440.I	0	1e-04	0.0317	0.1001	0	0.8681
441.I	0	0	0	0.0193	0	0.9807
442.I	0	0.0018	0.0265	0.023	0	0.9487
444.I	0	0	0.2479	0	0	0.7521
445.I	0	0	0.0692	0.0439	0	0.8869
446.I	4e-04	0.0409	0.0596	0	3e-04	0.8988
447.I	0	0.0429	0.0769	0.0168	0	0.8634
448.I	8e-04	0	0.1615	0.0354	0	0.8023
451.I	0.0285	0.1169	0.1978	0.1672	0	0.4896
452.I	0	0.0066	0.1732	0.0406	0	0.7796
453.I	0	0.023	0.0985	3e-04	0	0.8782
454.I	0.0276	0	0.0647	3e-04	3e-04	0.9071
455.I	0	0.0016	0.1509	0.0055	0	0.842
457.I	0	0.0645	0.1342	0	0	0.8013
460.I	0.0235	0.0153	0.1298	0.0336	0	0.7978
461.I	0	0	0.087	0.0775	0	0.8355
462.I	4e-04	0	0.0793	0	0	0.9203
463.I	0.0101	0.0785	0.0814	0.0032	3e-04	0.8265
464.I	0.0156	0.1172	0.0545	0.0295	0	0.7832
465.I	0	5e-04	0.0497	0.0314	1e-04	0.9183
466.I	0.0095	0.0014	0.2428	0.1023	0	0.644
467.I	0	0.067	0.2851	0	0	0.6479
469.I	0.0012	0.016	0.1624	0.0124	0.0054	0.8026
470.I	0	0	0.0355	0	0	0.9645
471.I	0	0	0.1863	0	0	0.8137
473.I	3e-04	0	0.126	0.0609	0	0.8128
474.I	0	0.0014	0.0396	0.0471	0	0.9119
475.I	0.0397	0	0.1229	0.0057	0	0.8317
476.I	0.0217	0.0053	0.0827	0.0849	0	0.8054
478.I	1e-04	0	0.0865	0.0044	0	0.909
479.I	0	0.0379	0.1086	0	0	0.8535
480.I	0	0	0.1578	0	0	0.8422
481.I	0.005	0	0.1552	0.0023	0	0.8375
482.I	0.0198	0	0.0316	0.0202	0	0.9284
483.I	7e-04	0	0.0963	0.0708	0	0.8322
484.I	0	0	0.0495	0.056	0	0.8945
485.I	0.0094	0.0343	0.0703	0.0115	0	0.8745
486.I	0.0509	0.0159	0.0931	0.0136	0.041	0.7855
487.I	0.0085	0.0635	0.1412	0.0562	0	0.7306
489.I	0.0057	0.0018	0.1853	0.0338	0	0.7734
490.I	0.0206	0.0096	0.1152	0.0323	0	0.8223
491.I	0.0178	0.0341	0.2125	0.0101	0	0.7255
493.I	0	0	0.0875	0.0492	0	0.8633
494.I	0	0	0.1656	0.015	0	0.8194
495.I	0	0	0.1529	0.0363	1e-04	0.8107
496.I	0	0	0.107	0.0256	0	0.8674
497.I	0.0135	0.0303	0.2094	0	0	0.7468
499.I	0	0	0.2419	0	0	0.7581
500.I	0	0.0047	0.0264	0	0	0.9689
501.I	0.064	0.0293	0.1009	0.0016	0	0.8042
502.I	0.0204	0.073	0.0989	0.0433	0	0.7644
503.I	0.0448	0	0.0651	0.0244	0	0.8657
504.I	0.0043	0	0.1425	0	0	0.8532
505.I	0	0	0.0902	0.0427	0	0.8671
506.I	0.01	0.0119	0.0565	0	0	0.9216
507.I	4e-04	0.0036	0.2255	0.0163	0	0.7542
508.I	0.0021	0.0908	0.1531	0	0	0.754
509.I	8e-04	0.0435	0.106	0.0194	0	0.8303
510.I	0	0.0205	0.0676	0.0247	0	0.8872
511.I	0	0.03	0.1876	0.0142	0	0.7682
512.I	0.0126	0.001	0.0828	0.0192	0	0.8844
513.I	1e-04	0	0.1147	0.0381	7e-04	0.8464
514.I	0	2e-04	0.1053	0.0307	0	0.8638
515.I	0	0	8e-04	0.0116	0	0.9876
517.I	0.0073	0.0195	0.1788	0	0	0.7944
520.I	1e-04	0.0252	0.1055	0.0011	0	0.8681
521.I	0	0.0442	0.0706	0	0	0.8852
522.I	0	0	0.1356	0	0	0.8644
523.I	0	0	0.1887	0.0598	0	0.7515
524.I	0	0.1093	0.1427	0.0428	0	0.7052
525.I	0.0019	0	0.121	0	0	0.8771
526.I	0	0.021	0.0926	0	0	0.8864
527.I	0.0062	0.0064	0.0721	0	0	0.9153
528.I	2e-04	0	0.0878	0.0527	0	0.8593
530.I	0.0296	0.0783	0.1059	0.0205	1e-04	0.7656
531.I	0	0.0394	0.1813	0.0446	0	0.7347
532.I	0.003	0.0118	0.111	0.1363	0	0.7379
533.I	0.0155	0.0154	0.1697	0.02	0	0.7794
534.I	0.0067	1e-04	0.0457	0	0	0.9475
535.I	0.0184	0.1043	0.0817	0.0058	0	0.7898
536.I	0.0022	1e-04	0.0746	0.0151	0	0.908
537.I	0.0167	0	0.08	0.0148	0	0.8885
539.I	0	0	0.1531	0.031	0	0.8159
540.I	0.0209	0.0587	0.0927	0	0	0.8277
541.I	1e-04	0.003	0.0516	0.0262	0	0.9191
544.I	0.0126	0	0.1141	0	0	0.8733
546.I	6e-04	0.0181	0.1803	0	0	0.801
547.I	0.0133	0.1722	0.0903	0.0492	0	0.675
548.I	0.024	0	0.1577	0.0194	0	0.7989
550.I	0	0.002	0.1612	0.0368	0	0.8
551.I	0	0	0.0462	0.0382	0	0.9156
552.I	0	0.0045	0.0559	8e-04	0	0.9388
553.I	0	0.005	0.1977	0.0356	0	0.7617
554.I	0	0	0.0517	0.0741	0	0.8742
555.I	0	0	0.2192	0.0121	9e-04	0.7678
556.I	0	3e-04	0.1687	0	0	0.831
557.I	0	0	0.1058	0	0	0.8942
558.I	0	0	0.0778	0.0044	5e-04	0.9173
560.I	0.0459	0.0012	0.1124	0	0	0.8405
561.I	0.0235	0.0191	0.1372	0.0133	0	0.8069
562.I	0	0	0.1274	0	0	0.8726
563.I	0.0301	0.0052	0.0907	0.0595	0	0.8145
564.I	5e-04	0.0126	0.0288	0.009	0	0.9491
565.I	0	1e-04	0.0477	0.0114	0	0.9408
566.I	0.0438	0.0893	0.0882	0	0	0.7787
567.I	0	0	0.386	0	0	0.614
569.I	0	0	0.0575	0.1833	0	0.7592
570.I	0	0.013	0.0226	0	2e-04	0.9642
571.I	0	0.0126	0.0689	0.0136	2e-04	0.9047
572.I	0	0	0.1279	0.0417	3e-04	0.8301
573.I	0.0412	7e-04	0.2013	0.0672	1e-04	0.6895
574.I	0.0468	0.0365	0.0956	0	0	0.8211
575.I	3e-04	1e-04	0.0117	0.017	0	0.9709
576.I	0.03	0.0192	0.0771	0	0	0.8737
577.I	0	0.0199	0.0545	0.028	0	0.8976
578.I	0	0	0.1682	0.0351	0	0.7967
579.I	0.0196	0.0024	0.0696	0.0548	0	0.8536
580.I	1e-04	0	0.1726	0.0057	0	0.8216
581.I	0	0	0.0819	0.0948	0	0.8233
582.I	0.0264	0	0.0304	0.0541	0	0.8891
583.I	0.0327	0.0755	0.2902	0.0039	0	0.5977
584.I	1e-04	0.0435	0.0754	0.0174	0	0.8636
585.I	0.018	0.0104	0.1123	3e-04	0	0.859
586.I	0	0.0023	0.1102	0.0232	0	0.8643
587.I	3e-04	0	0.0424	0	0	0.9573
588.I	0	0	0.1321	0.0036	1e-04	0.8642
589.I	0	0	0.025	0.0232	0	0.9518
590.I	0	0.0018	0.1176	0	0	0.8806
591.I	0	0	0.1561	0.0135	0	0.8304
592.I	8e-04	1e-04	0.0516	0.0268	0	0.9207
593.I	0	0.0248	0.2639	0.0267	0	0.6846
594.I	0	0.0276	0.0868	0.0047	1e-04	0.8808
596.I	0.0828	0.0995	0.1436	0.0083	3e-04	0.6655
597.I	0	0	0.1102	0.0067	0	0.8831
598.I	0	0	0.1146	8e-04	0	0.8846
599.I	0.0176	0	0.1133	9e-04	0	0.8682
600.I	0.0029	0.0177	0.1005	0	0	0.8789
601.I	0.059	2e-04	0.066	0.0428	0	0.832
602.I	0.0133	0	0.0985	0	1e-04	0.8881
603.I	0	0	0.0227	0.0014	0	0.9759
604.I	0	0.0381	0.2314	0.048	0	0.6825
606.I	0	0	0.0193	0.0489	0	0.9318
607.I	0.0011	0.001	0.1083	0.0369	0	0.8527
608.I	0	0	0.1332	0.0593	0	0.8075
609.I	0.004	0	0	0.0108	0	0.9852
610.I	0.001	0.0177	0.0121	1e-04	0	0.9691
611.I	0	0	0.0598	0.0533	0	0.8869
612.I	0.0091	0.029	0.0438	0	0	0.9181
614.I	0	0	0.0969	1e-04	2e-04	0.9028
615.I	0.016	0	0.0995	0.0721	0	0.8124
617.I	0.0031	0	0.1053	0.0308	0	0.8608
618.I	0.0032	0	0.131	0.0252	0	0.8406
619.I	7e-04	7e-04	0.0375	0.0384	0	0.9227
620.I	0	0	0.5096	0	0	0.4904
621.I	0.0104	0.0546	0.1562	0.0568	0	0.722
622.I	9e-04	6e-04	0.0229	0.0302	0.0019	0.9435
624.I	1e-04	0	0.0975	0	0	0.9024
625.I	3e-04	0	0.0651	0	0	0.9346
626.I	0	0	0.2065	0.0775	0	0.716
627.I	2e-04	0.0231	0.1761	0.1045	0	0.6961
628.I	0.007	0.0227	0.1205	0	0	0.8498
629.I	0	0	0	0	0	1
631.I	0	0	0.0437	0.0785	0	0.8778
632.I	0.1211	0	0.0141	0.0826	0	0.7822
633.I	0	0.0316	0.1372	0.1082	0	0.723
634.I	2e-04	9e-04	0.141	0.0012	0	0.8567
635.I	7e-04	0	0.1747	0.0014	2e-04	0.823
636.I	0	0	0.1816	0	0	0.8184
637.I	0	0	0.0231	0.0222	0	0.9547
638.I	0	0	0.1833	0.0049	0	0.8118
639.I	0.0104	0.0149	0.1787	0	0	0.796
640.I	0	0	0.0882	0.0505	0	0.8613
641.I	0	0	0.0855	0.0313	0	0.8832
642.I	0.0094	0	0.1275	0.03	0	0.8331
643.I	0.003	0	0.0713	0.0508	0	0.8749
645.I	0	0.045	0.122	0.0456	0	0.7874
647.I	0	0	0.1193	0.0489	0	0.8318
648.I	0.0012	0.0018	0.1514	0.0024	0	0.8432
649.I	0	0	0.0944	0.0243	0	0.8813
650.I	0	0.0034	0.1037	0.0232	0	0.8697
651.I	0	0	0.0972	1e-04	0	0.9027
652.I	0	4e-04	0.0836	0.0853	0	0.8307
653.I	0	0	0.1545	0.0336	1e-04	0.8118
654.I	0.0285	0.0159	0.1085	0.006	8e-04	0.8403
655.I	0	1e-04	0.1487	0.0937	0	0.7575
657.I	0	0	0	0	0	1
659.I	3e-04	3e-04	0.0966	0.0441	0	0.8587
660.I	0	7e-04	0.1291	0.0332	0	0.837
663.I	0	0	0.0744	0.1	0	0.8256
664.I	0.0326	0.1313	0.0461	0.1663	0	0.6237
665.I	0.0135	0	0.1247	0	1e-04	0.8617
666.I	0.0272	0	0.1238	0.0282	0	0.8208
667.I	1e-04	0	0.1232	0.0163	0	0.8604
668.I	0	0.0144	0.1665	0.1567	0	0.6624
669.I	0	0	0.2493	0.0266	0	0.7241
670.I	0.0474	1e-04	0.0707	0	0	0.8818
671.I	0	1e-04	0.0883	0.0045	0	0.9071
672.I	0.0146	0.0065	0.1063	0	0	0.8726
673.I	0	3e-04	0.1019	0.0289	0	0.8689
674.I	0.0037	0.02	0.0753	5e-04	0	0.9005
675.I	0.0075	0.0532	0.136	0.0035	0	0.7998
676.I	0.0101	8e-04	0.0558	0.047	0	0.8863
677.I	0	0	0.0944	0	0	0.9056
678.I	0.0399	0	0.1804	0.0027	0	0.777
679.I	0.0173	0	0.0522	0.1042	0	0.8263
680.I	0	5e-04	0.2343	0.0195	0	0.7457
683.I	0	0	0.1248	0.0234	0	0.8518
684.I	0.0274	0.02	0.1363	0.0481	0	0.7682
685.I	0.0352	0.0413	0.1433	0.0832	0	0.697
686.I	0	6e-04	0.1557	0.0029	0	0.8408
687.I	0	0	0.0787	0.1542	3e-04	0.7668
688.I	5e-04	1e-04	0.0823	0.0472	0	0.8699
689.I	0	0	0.0453	0.0157	0	0.939
691.I	0.0295	0	0.0817	0.0231	0	0.8657
692.I	1e-04	0	0.0807	0.0107	0	0.9085
693.I	0.0016	0	0.0992	0.0321	0	0.8671
695.I	0	0	0.0627	0.0105	0	0.9268
696.I	0.0142	0	0.096	0.0075	0	0.8823
697.I	0	0.0085	0.1555	0.028	0	0.808
698.I	0	0.0403	0.0683	0.0086	0.0059	0.8769
699.I	0	0	0.0932	0	0	0.9068
700.I	0.0115	0	0.0731	0.1568	0	0.7586
701.I	0.0015	0.064	0.1855	0	0	0.749
702.I	0	0	0.1666	9e-04	0	0.8325
703.I	0.0387	0.0051	0.1165	0.0638	0	0.7759
704.I	0	0.1099	0.0666	0.0825	0	0.741
705.I	0.0093	0.0014	0.1498	0.0021	0	0.8374
706.I	0.0165	0.1102	0.1405	0.0179	0	0.7149
707.I	0	0	0.0935	0.049	0	0.8575
708.I	1e-04	0	0.0665	0.0773	0	0.8561
709.I	0	0	0.0585	0.3229	0	0.6186
710.I	3e-04	0	0.1731	0.0484	0	0.7782
711.I	0.0231	0.067	0.1123	0.009	0	0.7886
712.I	1e-04	0.0479	0.1343	1e-04	0	0.8176
713.I	3e-04	1e-04	0.1544	2e-04	0	0.845
714.I	3e-04	1e-04	0.1023	0.0455	0	0.8518
716.I	0	0.0282	0.1846	3e-04	0	0.7869
717.I	0.0229	0	0.0715	0.0539	0	0.8517
718.I	2e-04	0	0.0478	0.0636	1e-04	0.8883
719.I	0.1812	0	0.095	0.0138	0	0.71
720.I	0	0	0.3105	0	0	0.6895
721.I	0	4e-04	0.046	0.0051	0	0.9485
722.I	0	0	0.1833	4e-04	0	0.8163
723.I	0	0	0.1397	5e-04	0	0.8598
724.I	0	1e-04	0.1905	0.0315	0	0.7779
725.I	0.0345	0.054	0.0783	0	0	0.8332
726.I	2e-04	0	0.2264	0	0	0.7734
728.I	0.0021	0	0.3578	0	0	0.6401
729.I	0	0	0.1473	0.0413	0	0.8114
730.I	0.0314	0	0.1109	0.0529	0	0.8048
731.I	0.007	0.047	0.2332	0.0662	0	0.6466
732.I	1e-04	0	0.1329	0.0483	0	0.8187
733.I	0.0105	0	0.0747	0.0147	0	0.9001
736.I	0.0617	0.0404	0.0127	0	0	0.8852
737.I	0	0	0.1866	0.0018	0	0.8116
738.I	0	0	0.1003	0.0651	0	0.8346
739.I	1e-04	0	0.0248	0.0409	0	0.9342
740.I	0.0082	0	0.0814	1e-04	1e-04	0.9102
741.I	0.0364	0.0051	0.1443	0.0537	0	0.7605
742.I	0	0.001	0.2097	0.0645	0	0.7248
743.I	0	0	0.5535	0	0	0.4465
744.I	1e-04	0	0.0507	0.0591	0	0.8901
745.I	0.0205	0.1094	0.1293	0.0471	0	0.6937
746.I	0.0196	0	0.0247	0.0199	0	0.9358
749.I	0	0.0167	0.1679	3e-04	0	0.8151
750.I	0.0028	0	0.0546	0.0255	0	0.9171
751.I	0	0.0129	0.0604	0	0	0.9267
752.I	0.004	0	0.0187	0.1086	0	0.8687
753.I	0	3e-04	2e-04	0.0102	0	0.9893
754.I	0	0	0.1189	0.0702	0	0.8109
755.I	6e-04	0	0.1245	0.0241	0.0017	0.8491
756.I	0.0032	2e-04	0.053	0.0214	0	0.9222
757.I	0.0087	0	0.0205	0.0252	0	0.9456
758.I	0.0368	0	0.155	0.0178	0	0.7904
759.I	0.0774	0.0408	0.0275	0.0242	0	0.8301
761.I	1e-04	0	0.0603	0.0567	0	0.8829
762.I	0	0	0.081	0.0476	0	0.8714
763.I	0	0.0641	0.2593	0	0	0.6766
764.I	0.0045	0.0475	0.1305	0	0	0.8175
765.I	5e-04	0	0.2499	0.0192	0	0.7304
767.I	0.0026	0.0011	0.1466	0.0439	0	0.8058
768.I	7e-04	2e-04	4e-04	0	1e-04	0.9986
769.I	0.0219	0	0.0976	0.0989	0	0.7816
770.I	0	0	0.0181	0	0	0.9819
771.I	0.0011	0	0.0843	0.019	0.0013	0.8943
772.I	0	6e-04	0.0681	0.0194	0	0.9119
773.I	0	0	0.0616	0	0	0.9384
774.I	0	0.0016	0.2372	0.0553	0	0.7059
776.I	0.0636	0.0464	0.1474	5e-04	3e-04	0.7418
777.I	0	0	0.0981	0.0251	0	0.8768
778.I	0	0.0045	0.0412	0.0094	2e-04	0.9447
779.I	0.0043	0	0.1017	0.0083	0	0.8857
781.I	0	0	0.1317	0	0	0.8683
782.I	0.0492	0	0.1981	1e-04	1e-04	0.7525
783.I	0	0.003	0.0227	0.0121	4e-04	0.9618
784.I	0	0.0305	0.0521	0.0083	4e-04	0.9087
785.I	0	0	0.1606	0.0528	0	0.7866
786.I	4e-04	0	0.0474	0.0087	0.0039	0.9396
787.I	0.0089	0	0.1202	0	1e-04	0.8708
788.I	0.0024	0	0.0638	0.0169	0	0.9169
789.I	1e-04	0	0.156	0	0	0.8439
790.I	0	0.0812	0.0705	0.0989	0	0.7494
792.I	2e-04	0	0.1364	8e-04	0	0.8626
793.I	0.0016	0	0.1169	0.0217	0	0.8598
794.I	0	0	0.1873	0.0228	0	0.7899
795.I	0	0	0.0363	0.2831	0	0.6806
796.I	0.0068	0.1386	0.1848	0.1122	0	0.5576
797.I	0	0.0637	0.1244	0.0428	0	0.7691
798.I	0.0091	2e-04	0.1267	4e-04	0	0.8636
799.I	0.0254	0.0258	0.1337	0.022	0	0.7931
800.I	0.0335	0.0578	0.0987	0.0252	0	0.7848
802.I	4e-04	0	0.0904	0	0	0.9092
803.I	5e-04	0.006	0.1242	0.0175	0	0.8518
804.I	0.0203	0.0601	0.1794	0	0	0.7402
805.I	0	0	0.0017	0.0318	0	0.9665
806.I	0	0.0596	0.1719	0.0628	0	0.7057
807.I	0.0015	2e-04	0.1759	0.0491	0	0.7733
808.I	0	0	0.1352	0.0213	1e-04	0.8434
809.I	0.0251	0.0579	0.0357	0.0097	4e-04	0.8712
810.I	0.0145	0	6e-04	0.0152	0	0.9697
811.I	0.0221	0	0.1202	0.0205	0	0.8372
812.I	0.0091	9e-04	0.154	0.01	0	0.826
813.I	0.0064	0.0157	0.0718	0.0024	0	0.9037
814.I	0.001	0.0171	0.1782	0.049	0	0.7547
815.I	0	1e-04	0.0374	0	0	0.9625
816.I	0.0247	0.0113	0.0723	0.0788	0	0.8129
817.I	5e-04	0	0.1299	0.0248	0	0.8448
818.I	0.0245	0	0.0678	0.0527	0	0.855
819.I	0	0.0087	0.0827	0.1752	0	0.7334
820.I	1e-04	0	0.1867	0	0	0.8132
821.I	0	0	0.1218	0.1453	0	0.7329
823.I	7e-04	0.0366	0.2527	0	0	0.71
824.I	0.0113	0.0142	2e-04	0.024	6e-04	0.9497
825.I	0.0237	0.0302	0.1289	0.0268	0	0.7904
828.I	2e-04	0.0066	0.0645	0.1391	0	0.7896
829.I	0	0	0.1178	0.001	0	0.8812
830.I	0.0186	0	0.1182	0.0035	0	0.8597
831.I	0	0.0373	0.1764	0.0172	0	0.7691
832.I	0.0172	0.0015	0.1004	0.0788	0	0.8021
833.I	0	0.0618	0.0404	0	0	0.8978
834.I	0	0.1073	0.1437	0.0014	0	0.7476
835.I	0	0	0.0548	0.0238	0	0.9214
836.I	0	0	0.0046	0	0	0.9954
837.I	0	0	0.175	2e-04	1e-04	0.8247
838.I	0.0284	0.1317	0.1483	0.013	0	0.6786
839.I	0	0.0023	0.1514	0.0277	0.0023	0.8163
840.I	0	0	0.1457	0.0017	0	0.8526
841.I	0	0.0993	0.0409	0	0	0.8598
842.I	0	0.1523	0.1028	0.0459	0	0.699
843.I	0	0	0.0381	0.0921	0	0.8698
844.I	0.0037	0	0.0566	0.0033	1e-04	0.9363
845.I	0	0.0395	0.2093	4e-04	0	0.7508
846.I	0	0	0.0174	0	0	0.9826
847.I	0.0024	0.3113	0.0697	0.0777	0	0.5389
848.I	0.0127	0	0.0693	0.0572	0	0.8608
849.I	0.0428	0	0.1293	0.0329	0	0.795
850.I	0.0248	0	0.0065	0.0869	0	0.8818
851.I	0.0294	0.0035	0.0039	0.0013	0	0.9619
852.I	0	0	0.0955	0.016	0	0.8885
853.I	0	0.0286	0.0756	9e-04	1e-04	0.8948
854.I	0.0012	0	0.2422	0.0313	1e-04	0.7252
855.I	0	0	0.2739	7e-04	1e-04	0.7253
856.I	0.0012	0.022	0.184	0.0118	0	0.781
857.I	0	0.0176	0.2187	0.0065	0	0.7572
858.I	0	0.0276	0.09	0.4222	0	0.4602
859.I	0	0.0314	0.0024	0	0	0.9662
860.I	0	7e-04	0.1598	0.0529	0	0.7866
863.I	0	0	0.1127	0.0863	0	0.801
864.I	0	0.0298	0.0814	0.057	0	0.8318
865.I	0	0.0018	0.0347	2e-04	0	0.9633
866.I	0.0032	0	0.031	0.0753	0	0.8905
867.I	0	0	0.03	0.0306	0	0.9394
869.I	0	1e-04	0.042	0.0173	0	0.9406
870.I	0.0126	0.0442	0.0932	0.0271	0	0.8229
871.I	0.0149	0.0193	0.0402	0.0031	0	0.9225
872.I	0.0463	0	0.1467	0.0263	2e-04	0.7805
873.I	0	0	0.163	0	0	0.837
874.I	0	0	0.2265	0	0	0.7735
875.I	0.0317	0.0011	0.0958	0.0399	0	0.8315
876.I	0.028	0	0.0012	0.0866	0	0.8842
877.I	0	0.0282	0.0622	0.0237	0	0.8859
878.I	0	1e-04	0.2788	0.0377	0	0.6834
880.I	0	0	0	0	0	1
881.I	0	0.1481	0.1563	0.0622	0	0.6334
882.I	0	0	0.076	0	0	0.924
883.I	8e-04	0	0.2078	0.0037	0	0.7877
885.I	0	0	0.1435	0.0331	0	0.8234
887.I	0.0265	0.0144	0.2288	0.0321	0	0.6982
888.I	0	0	0.056	0.0053	0	0.9387
889.I	2e-04	0.0025	0.1491	0.0154	0	0.8328
890.I	0	2e-04	0.2793	0	0	0.7205
891.I	0	0	0.1748	0	0	0.8252
892.I	0	0.0023	0.0925	0.0228	0	0.8824
893.I	0	0.0029	0.0178	0.0029	0	0.9764
894.I	0	0	0.2037	0.07	0	0.7263
895.I	0.0317	0.0223	0.1572	0	0	0.7888
896.I	7e-04	0.0275	0.1791	0.0365	2e-04	0.756
897.I	0	0.002	0.0813	0.0268	0	0.8899
898.I	0	0.0044	0.0897	0.1116	0	0.7943
899.I	0	0.0519	0.1874	0.0249	0	0.7358
900.I	0.0406	0.0591	0.1329	0.038	0	0.7294
901.I	0	0.0815	0.0517	0.0623	0	0.8045
902.I	1e-04	0.0174	0.1211	0.0308	0	0.8306
903.I	0.0321	0.0024	0.1778	0.0482	0	0.7395
904.I	0	0	0.1688	0.0178	0	0.8134
907.I	0	0.016	0.055	0.035	0	0.894
908.I	0.0184	0.0743	0.0826	0	0	0.8247
909.I	0.015	0	0.3359	1e-04	2e-04	0.6488
910.I	0.0937	0.0201	0.0204	1e-04	0	0.8657
912.I	0	0.0063	0.1382	0.0439	0	0.8116
913.I	0.0162	0	0.1471	0.009	0	0.8277
914.I	0	8e-04	0.0623	0.0589	0	0.878
915.I	0.0166	0	0.1761	0.0044	5e-04	0.8024
916.I	0	0	0.1198	0.0652	0	0.815
917.I	0.0274	0	0.1569	0.0485	0	0.7672
918.I	0.0189	0.0662	0.1596	1e-04	0	0.7552
919.I	0.0047	0	0.0615	0.1612	0	0.7726
920.I	0.0027	0.0938	0.212	0.0293	0	0.6622
921.I	3e-04	0	0.0754	0.083	0	0.8413
922.I	0.0279	0.0807	0.4052	0.0014	1e-04	0.4847
923.I	0.0056	0.0983	0.102	0.0319	0	0.7622
924.I	0	0.0282	0.109	0.0294	0	0.8334
925.I	1e-04	0	0.1149	0.0633	0	0.8217
926.I	0.0011	1e-04	0.2236	0	0	0.7752
928.I	4e-04	0	0.0858	0	0	0.9138
929.I	0	0	0.0755	0.0288	0	0.8957
930.I	3e-04	0.0525	0.1855	0.0957	0	0.666
931.I	0	0	0.0747	0.0147	0	0.9106
932.I	0	0	0.1869	0.0193	0	0.7938
933.I	0.053	1e-04	0.0692	0.0731	4e-04	0.8042
934.I	0	0.0311	0.2024	0.0183	0	0.7482
935.I	0.0043	0	0.0614	0.1119	0	0.8224
936.I	0.0013	0.0129	0.0394	0.0381	3e-04	0.908
937.I	0.0186	2e-04	0.1555	0	0	0.8257
938.I	0	0.0427	0.1951	0.022	1e-04	0.7401
939.I	0	0.3717	0.0761	0	1e-04	0.5521
943.I	0.0933	0.0309	0.0874	0.0392	0	0.7492
944.I	0.0041	0.0274	0.1627	0.0087	0	0.7971
946.I	0	0.0603	0.0737	0.0015	3e-04	0.8642
949.I	0.0043	0.0332	0.273	0.0296	0	0.6599
951.I	0	0.0567	0.2329	0.0506	0	0.6598
952.I	0	1e-04	0.2962	0.0547	0	0.649
954.I	0	0	0.1489	0.0127	0	0.8384
955.I	0.0823	0.0801	0.0925	1e-04	0	0.745
956.I	0.0455	0	0.1097	0.0322	0	0.8126
957.I	0	0	0.0302	0.0154	1e-04	0.9543
958.I	0.0122	0.1216	0.0516	0.0714	0	0.7432
959.I	0.0475	0.0843	0.0844	0.0366	0	0.7472
960.I	0.0016	4e-04	0.1085	0	0	0.8895
962.I	0	0.0016	0.002	0.0018	0	0.9946
963.I	0	0.0045	0.0629	0.0643	0	0.8683
964.I	0	0	0.1967	0.0749	0	0.7284
965.I	0	0.0038	0.0766	0.0724	0	0.8472
966.I	0.0017	0.0057	0.1556	0.0498	0	0.7872
967.I	0.0234	0.013	0.1538	0	0	0.8098
969.I	1e-04	0.0248	0.1437	0.0549	0	0.7765
970.I	0	0	0.0903	0.0303	1e-04	0.8793
971.I	4e-04	0.0306	0.0929	0.0794	0	0.7967
972.I	0.0292	0.054	0.1751	0	0	0.7417
973.I	0	1e-04	0.2579	0.1298	0	0.6122
974.I	0	3e-04	0.2424	0.0542	0	0.7031
975.I	0	0.0316	0.1534	0.0311	0	0.7839
976.I	1e-04	3e-04	0.0923	4e-04	0	0.9069
977.I	0.0136	0	0.081	0.0479	0	0.8575
978.I	0	0	0.1609	0.0339	0	0.8052
979.I	0.0215	0	0.0704	0.0446	0	0.8635
980.I	0	0	0.0537	0.0271	0	0.9192
982.I	0	0.097	0.2026	0.0029	0	0.6975
983.I	0.0022	0.0306	0.1437	0.1002	0	0.7233
984.I	0.0353	0.0044	0.1244	0	0.0013	0.8346
985.I	0	0.0032	0.0941	0.0353	0	0.8674
986.I	0	0	0.0545	0.2128	1e-04	0.7326
987.I	0	0.0043	0.2918	0.0254	0	0.6785
990.I	0	0.0444	0.1194	0	0	0.8362
991.I	0	0.0632	0.17	0.0379	0	0.7289
992.I	0.0161	0	0.122	0.0469	0	0.815
993.I	0.0029	0	0.1276	0	0	0.8695
994.I	0.0272	0.1009	0.1475	0.1331	0	0.5913
995.I	0.0059	0.026	0.1564	0.0063	8e-04	0.8046
997.I	1e-04	0.0759	0.1616	0.0272	0	0.7352
999.I	0	0	0.087	0.0179	0	0.8951
1000.I	0	0	0.0808	0.0818	0	0.8374
1001.I	0	0.0503	0.1807	0.0149	0	0.7541
1002.I	0	0	0.1382	0	0	0.8618
1003.I	0.0397	0	0.0773	0	0	0.883
1004.I	0.0509	0	0.0767	0.1139	0	0.7585
1005.I	0.0229	0.0265	0.1217	0.0249	0	0.804
1006.I	0.0225	0	0.1515	0.0031	0	0.8229
1007.I	0.0092	0.0108	0.0512	0	0	0.9288
1008.I	0	0.0261	0.1816	0.0209	0	0.7714
1009.I	0.0057	1e-04	0.2231	0	0	0.7711
1010.I	1e-04	0	0.2748	0	0	0.7251
1012.I	0	0	0.1272	1e-04	0	0.8727
1013.I	0	0.0857	0.1293	0.051	0	0.734
1014.I	0	0	0.031	0.0214	0	0.9476
1015.I	0	0.0139	0.104	0	0	0.8821
1016.I	0.0206	0.0216	0.0686	0.0395	0	0.8497
1017.I	0	0.0259	0.03	0.0693	0	0.8748
1018.I	0	0	0.0945	0.0578	0	0.8477
1019.I	1e-04	0	0.0944	0.0085	1e-04	0.8969
1020.I	0.0434	0.1299	0.1602	0.0462	0	0.6203
1021.I	0.0072	0.0311	0.0795	0.0023	0	0.8799
1022.I	0.0114	0.0198	0.0012	0	0	0.9676
1023.I	0	0.0021	0.0287	0.0013	0	0.9679
1024.I	0.0403	0.0695	0.0598	0.0011	2e-04	0.8291
1025.I	0.0068	2e-04	0.127	5e-04	0	0.8655
1026.I	0	0	0.2208	0.0139	0	0.7653
1027.I	0	0	0.1826	0.0012	0.1212	0.695
1028.I	0.0015	0	0.1359	0.0215	0	0.8411
1029.I	0.0848	0.1032	0.1826	7e-04	2e-04	0.6285
1030.I	2e-04	0.0436	0.1522	0	0	0.804
1033.I	0	0.0274	0.0515	0	0	0.9211
1034.I	0.0244	0.0365	0.1258	0.006	0	0.8073
1035.I	0.0712	0.1324	0.1413	0.0018	3e-04	0.653
1036.I	0.0085	0.0321	0.2099	0.0022	0	0.7473
1038.I	0	0	0.1042	0	0	0.8958
1039.I	0.0127	1e-04	0.1899	0.0495	0	0.7478
1040.I	0	0.0379	0.0782	0.0011	0	0.8828
1041.I	0	0.052	0.2166	3e-04	0	0.7311
1043.I	0.0442	0	0.0791	0.0506	3e-04	0.8258
1045.I	0.0034	0	0.1649	0.0754	0	0.7563
1046.I	3e-04	0	0.0957	0.0399	0	0.8641
1048.I	0	0	0.0703	0.046	0	0.8837
1050.I	0.0195	0.0017	0.0983	0.0653	0	0.8152
1051.I	0	0	0.0908	0.0349	0	0.8743
1052.I	0	4e-04	0.0194	0.0128	0	0.9674
1053.I	0.0363	0	0.1367	0.1173	0	0.7097
1055.I	9e-04	0.0174	0.1081	0.0153	0	0.8583
1056.I	0	0.4683	0.0501	0.1077	0	0.3739
1057.I	0.0195	0.0137	0.049	0.0274	0	0.8904
1058.I	0	0	0.0131	2e-04	0	0.9867
1059.I	0	0.0211	0.0561	0.068	0.003	0.8518
1060.I	0.0101	0.0413	0.1624	0.0032	0	0.783
1061.I	0	0.0699	0.1072	0.0671	0	0.7558
1062.I	0	0	0.0526	0.1491	0	0.7983
1063.I	1e-04	0	0	0.0441	0	0.9558
1064.I	3e-04	0.0013	0.086	0.0492	0	0.8632
1065.I	0.0482	0.002	0.0916	0.0289	0	0.8293
1066.I	0.0339	0.0488	0.0577	0	0	0.8596
1067.I	0	0	0.1871	0	0	0.8129
1068.I	0.0687	0.0404	0.078	0.0353	0	0.7776
1069.I	0	0.0585	0.0791	3e-04	0	0.8621
1070.I	0.0445	0.0727	0.198	0.0635	0	0.6213
1071.I	0.0225	0	0.176	0.0416	0	0.7599
1072.I	0.0252	0.0102	0.0967	0.0235	0	0.8444
1073.I	0.109	0.0948	0.0451	1e-04	0.0321	0.7189
1074.I	0.0217	0	0.0519	0.0602	0	0.8662
1075.I	5e-04	0	0.0761	0.0014	1e-04	0.9219
1076.I	0.1442	0.0826	0.0299	0.0213	0	0.722
1077.I	0	0.0015	0.0591	0.0034	0	0.936
1078.I	0	0	0.1084	0.0116	0.002	0.878
1079.I	0.0099	0.0066	0.0898	0	4e-04	0.8933
1080.I	3e-04	0.0225	0.1378	0.0213	0	0.8181
1081.I	0.0203	6e-04	0.193	0.0558	0	0.7303
1082.I	7e-04	0.0123	0.0695	0.0555	0	0.862
1083.I	0.037	0	0.0752	0.0484	0	0.8394
1084.I	0	0	0.1883	0	0	0.8117
1085.I	0.0013	0.0271	0.0707	0.0549	0	0.846
1087.I	1e-04	0	0.041	0.0174	0	0.9415
1088.I	0.0089	0.0126	0.105	0.002	0	0.8715
1089.I	0	0	0.1453	0.003	0	0.8517
1090.I	0.0186	0.0453	0.1511	0.0039	0	0.7811
1091.I	3e-04	0	0.1266	0	1e-04	0.873
1093.I	3e-04	1e-04	0.2785	0.0314	0	0.6897
1094.I	0	0	0.0569	0.0265	0	0.9166
1095.I	0.0036	1e-04	0.1074	2e-04	0	0.8887
1097.I	1e-04	0.0276	0.103	0.02	0	0.8493
1098.I	0	0.0402	0.2025	0.0875	0	0.6698
1099.I	0.0452	0	0.2366	0.0477	0	0.6705
1100.I	0.018728530343642	0.00034364	0.160652913144329	0.00103093	0	0.819243986512029
1101.I	0	0	0.0676	2e-04	0	0.9322
1102.I	0.0095	0	0.1942	0.0668	0	0.7295
1103.I	0.0477	0	0.1284	0.145	0	0.6789
1104.I	3e-04	0	0.2632	0	0	0.7365
1105.I	4e-04	0	0.04	0.0606	1e-04	0.8989
1106.I	0	2e-04	0.0696	0.047	0	0.8832
1107.I	5e-04	0.0248	0.0718	0.2634	1e-04	0.6394
1108.I	0	0.014	0.1141	0.0097	0	0.8622
1109.I	0.0104	0.0484	0.0947	0.0211	0	0.8254
1110.I	0.0152	0.0642	0.0684	0	0	0.8522
1111.I	1e-04	0	0.1034	0.0663	0	0.8302
1112.I	0.0014	0.0206	0.0565	0.0205	0	0.901
1113.I	0	0	0.1653	0.0373	0	0.7974
1114.I	0	2e-04	0.1524	0.0013	0	0.8461
1115.I	0.02	0.0017	0.2738	0.0382	0	0.6663
1117.I	0.0258	0.2177	0.1352	0.0377	0	0.5836
1118.I	0	0	0.1361	0.0813	0	0.7826
1119.I	0	0.011	0.2119	0.0205	0	0.7566
1120.I	0.0085	1e-04	0.1699	0.0334	6e-04	0.7875
1121.I	0	0.0013	0.1788	0.0945	0	0.7254
1122.I	0	0.0356	0.1737	0	0	0.7907
1123.I	0.0095	0	0.0382	0.0497	0	0.9026
1124.I	0	0	0.2416	0.0649	0	0.6935
1125.I	0	0.0014	0.102	0.0353	0	0.8613
1127.I	0	0	0.1666	0	0	0.8334
1128.I	0.0053	0.094	0.1741	0.0667	0	0.6599
1130.I	0	0.0143	0.1877	0	0	0.798
1132.I	0.0098	0.059	0.0344	0.0019	2e-04	0.8947
1133.I	2e-04	0.0187	0.0939	0.0605	1e-04	0.8266
1134.I	0	2e-04	0.1455	0.0999	0	0.7544
1135.I	0.0095	0.0541	0.0682	0	0	0.8682
1136.I	0.0179	0.0324	0.1778	0.0198	0	0.7521
1137.I	0.0066	0	0.0496	0.0221	0	0.9217
1138.I	9e-04	0	0.1282	0.0523	0	0.8186
1139.I	0.0038	0.0157	0.108	0.0563	0	0.8162
1140.I	0.0085	0.0435	0.1171	0.0367	0	0.7942
1141.I	0.0674	9e-04	0.0411	0.0481	0	0.8425
1142.I	0	0	0.1607	0.0222	0	0.8171
1143.I	0	0	0.3819	0.0371	0	0.581
1144.I	0.0127	0.0172	0.2046	0	0	0.7655
1145.I	0.0065	0	0.1189	0	1e-04	0.8745
1146.I	0.0127	0.0584	0.2949	0.0325	2e-04	0.6013
1147.I	0.0093	0.0266	0.1326	0.0613	0	0.7702
1148.I	0.0259	0.0329	0.1238	0.0164	0	0.801
1149.I	1e-04	0	0.0516	0.019	0	0.9293
1150.I	0	0	0.1192	0.0445	0	0.8363
1151.I	0.0426	0	0.0407	0.0262	0	0.8905
1152.I	0	0	0.1423	0	0	0.8577
1153.I	0.0689	0.1633	0.1764	0.0931	0	0.4983
1155.I	1e-04	0.0022	0.2431	0.0959	0	0.6587
1157.I	0.033	0.2835	0.1867	2e-04	0	0.4966
1158.I	0	0.0096	0.1161	0.0245	0	0.8498
1159.I	0.007	0	0.0249	0.0828	0	0.8853
1161.I	0.0116	0	0.1573	0	0	0.8311
1162.I	0.0065	0	0.0734	0.0279	0	0.8922
1163.I	0	8e-04	0.0304	0	0	0.9688
1164.I	0.0048	1e-04	0.1493	0.0185	0	0.8273
1165.I	7e-04	0.0087	0.1672	7e-04	0	0.8227
1166.I	0.0294	0.0119	0.0681	0.0287	0	0.8619
1167.I	1e-04	0	0.1329	0.0062	1e-04	0.8607
1168.I	0.0069	0.0132	0.0946	0	0	0.8853
1169.I	0	0.0016	0.069	0.0277	0	0.9017
1170.I	1e-04	6e-04	0.1594	0.1299	0	0.71
1171.I	6e-04	0.0018	0.0569	0.0083	5e-04	0.9319
1172.I	0.0135	0	0.1014	0.0308	0	0.8543
1173.I	0	0	0.1581	0.0499	0	0.792
1174.I	0.0018	0	0.0893	0.0217	0	0.8872
1176.I	0	0	0.0908	5e-04	4e-04	0.9083
1177.I	0	0.0082	0.2296	0.0028	0	0.7594
1178.I	0	1e-04	0.1545	0.0544	0	0.791
1179.I	0	0.0089	6e-04	0	0	0.9905
1180.I	0	1e-04	0.1075	0.0057	0	0.8867
1181.I	1e-04	0	0.0636	0.0302	0	0.9061
1182.I	0	0.0713	0.194	2e-04	0	0.7345
1183.I	3e-04	0	0.1387	4e-04	0	0.8606
1184.I	0.0093	0.0099	0.0532	0.0267	0	0.9009
1185.I	0	0	0.0807	0.0351	0	0.8842
1186.I	0.0323	1e-04	0.0989	8e-04	0	0.8679
1187.I	0.0242	0.0061	0.1466	0.0622	0	0.7609
1188.I	0.0408	0.0344	0.1175	0.0308	0	0.7765
1189.I	0	0	0.0956	0	0	0.9044
1190.I	0	0	0.041	1e-04	0	0.9589
1191.I	0	0.1459	0.1202	0.0067	0	0.7272
1193.I	0.0729	0	0.0768	0	0	0.8503
1194.I	0	2e-04	0.1567	0.0734	0	0.7697
1195.I	0.0389	0	0.1996	0.0377	0	0.7238
1196.I	0	0	0.2308	0	0	0.7692
1197.I	0	0	0.0938	0.0178	0	0.8884
1198.I	0	0.02	0	0	0	0.98
1199.I	2e-04	1e-04	0.1017	0.0186	0	0.8794
1200.I	0	0.0509	0.1136	0.0581	0	0.7774
1201.I	0	0	0.1663	0.0101	0	0.8236
1202.I	0.0249	0.0224	0.2044	0.1169	0	0.6314
1203.I	0.0097	3e-04	0.1084	0.0091	0	0.8725
1204.I	0	0.0042	0.1144	0.0432	0	0.8382
1205.I	0.0084	0.0631	0.0456	0	4e-04	0.8825
1206.I	0	0	0.1434	0.0218	0	0.8348
1207.I	0.0241	0.0038	0.2224	0.0558	0	0.6939
1208.I	0	0.0468	0.2025	0.0349	1e-04	0.7157
1209.I	0.1181	0.0323	0.087	0.009	0	0.7536
1210.I	0	0.0238	0.016	0.0013	0	0.9589
1211.I	0.0145	0.0374	0.1738	0.0236	0	0.7507
1212.I	0	0	0.2652	0	0	0.7348
1213.I	0	0	0.0972	0	0	0.9028
1214.I	7e-04	0.0017	0.1224	0.0988	0	0.7764
1215.I	0	8e-04	0.2101	0	0	0.7891
1216.I	0.0129	0.0433	0.1021	0.0413	0	0.8004
1217.I	0.0088	0.0205	0.0802	0.0442	0	0.8463
1219.I	0	0.0365	0.1811	0.1057	0	0.6767
1220.I	0.0204	0	0.3751	0	0	0.6045
1221.I	0.0039	1e-04	0.0754	0.0718	0	0.8488
1222.I	0	0	0.1014	0.0497	0	0.8489
1223.I	0.0013	0.0514	0.2199	0.0251	0	0.7023
1224.I	0.0052	0	0.0988	0.0581	0	0.8379
1225.I	0	0	0.1513	0.1228	0	0.7259
1226.I	2e-04	0.0143	0.0889	0	0	0.8966
1227.I	0	0	0.0877	0.0595	0	0.8528
1228.I	5e-04	0.0035	0.1757	0.0591	0	0.7612
1229.I	0	0	0.1516	0	0	0.8484
1230.I	0	0.0525	0.1491	0.0398	0	0.7586
1231.I	0.0017	0	0.0976	0.0596	0	0.8411
1232.I	0.0261	0.0735	0.2085	0.0132	0	0.6787
1233.I	0.0564	0	0.1122	0.0594	0	0.772
1234.I	0	0.0031	0.1563	0.045	0	0.7956
1236.I	0	0.004	0.1691	4e-04	0	0.8265
1237.I	0.0203	0.045	0.1482	0.0051	4e-04	0.781
1238.I	0	0.045	0.0301	0.0167	0	0.9082
1239.I	0	0	0.1303	0.1031	4e-04	0.7662
1240.I	0.0218	0.0127	0.0327	0	0	0.9328
1241.I	0.1474	0.1104	0.078	7e-04	0	0.6635
1242.I	0	0.0728	0.0705	0.1301	0	0.7266
1243.I	0.0848	0.0439	0.1231	0.0367	0	0.7115
1244.I	0	0.0291	0.17	0.0104	0	0.7905
1245.I	0.0854	0	0.0531	0.0081	0	0.8534
1246.I	0	0.1167	0.0436	0.1154	1e-04	0.7242
1247.I	0.0128	0	0.1147	0.0253	1e-04	0.8471
1248.I	0.0156	0.0257	0.0487	0.0356	0	0.8744
1249.I	0	0.0064	0.1211	0.0413	0	0.8312
1250.I	0.0503	0	0.0745	0.0322	0	0.843
1251.I	0	0.0485	0.1287	0.0441	0	0.7787
1253.I	0	0.0057	0.1877	0.1137	0	0.6929
1255.I	0.0015	0.0368	0.2181	0.0237	0	0.7199
1256.I	0.0019	0.0223	0.1002	0.0302	0	0.8454
1257.I	0.0349	0.0106	0.0749	0	0	0.8796
1258.I	0.0458	0	0.1476	0	0	0.8066
1259.I	0	0	0.1019	0.019	0	0.8791
1261.I	1e-04	0.5271	0.0343	0.0044	0	0.4341
1262.I	0.0064	0	0.1327	0.0797	0	0.7812
1263.I	0	0.0151	0.1237	1e-04	0	0.8611
1264.I	0.1058	9e-04	0.1917	0.0812	0	0.6204
1265.I	0	0	0.1047	0.0198	0	0.8755
1266.I	0	0	0.1367	0	0	0.8633
1267.I	0.0232	0.0878	0.1365	0	3e-04	0.7522
1268.I	0	0.0013	0.0522	0.0012	0	0.9453
1269.I	0.0027	3e-04	0.0792	0.0013	0	0.9165
1270.I	1e-04	0.0669	0.1072	5e-04	0	0.8253
1271.I	0.0544	0.0173	0.1801	0.0797	0	0.6685
1272.I	0.0041	0.0366	0.2207	0.026	3e-04	0.7123
1273.I	0.0266	0.1745	0.1418	0.06	0	0.5971
1274.I	0	0.0529	0.0865	0.0031	0	0.8575
1275.I	0	0.0861	0.0905	0.0316	0	0.7918
1276.I	0	0	0.2774	0	0	0.7226
1278.I	6e-04	0.038	0.0894	0.051	0	0.821
1283.I	0.0623	0	0.0393	0.0879	0	0.8105
1286.I	0	0	0.0054	0	0	0.9946
1288.I	0.0662	0.0227	0.0913	0.0487	0	0.7711
1291.I	6e-04	0	0	0.0037	0	0.9957
1292.I	0.0166	0.0133	0.0667	0.0239	0	0.8795
1293.I	0	0	0.1131	0.0204	0	0.8665
1294.I	0	0	0.147	3e-04	0	0.8527
1295.I	0	0.0961	0.0842	0.0077	0	0.812
1296.I	1e-04	0	0.1309	0.0101	0	0.8589
1297.I	0.0332	0	0.0918	0.0412	0	0.8338
1298.I	0	0	0.1836	0.0012	0	0.8152
1299.I	0.001	0.0437	0.1508	5e-04	0	0.804
1300.I	0	0.1831	7e-04	0.0913	0	0.7249
1301.I	2e-04	0.0559	0.1861	0.0334	0	0.7244
1302.I	4e-04	0	0.1158	0.0292	0	0.8546
1303.I	0	0.0013	0.1469	0.0434	0	0.8084
1304.I	0	0	0.356	0.0117	0	0.6323
1305.I	0.0016	0.0521	0.118	0.0041	2e-04	0.824
1306.I	0.0555	0.0445	0.22	0.019	0.0037	0.6573
1307.I	0	0.0815	0.1386	0.0832	0	0.6967
1308.I	0	0	0.1857	0.023	0	0.7913
1311.I	0.0151	0.0161	0.0564	0.0418	0	0.8706
1312.I	0	0.0017	0.202	0.0043	0	0.792
1313.I	0.0071	0	0.0784	0.0653	0	0.8492
1314.I	0.0013	0.0012	0.1208	0.0058	0.0019	0.869
1315.I	0	0.0472	0.1223	0	0	0.8305
1316.I	0	0.0142	0.0506	0	0	0.9352
1317.I	0	0.0304	0.1423	0.1152	0	0.7121
1318.I	0	6e-04	0.3292	0	0	0.6702
1320.I	0	0.0014	0.4096	0	0	0.589
1321.I	0	0	0.1426	0.3471	0	0.5103
1322.I	0.0011	0	0.0657	0.0024	0	0.9308
1323.I	0	0	0.0585	0	1e-04	0.9414
1325.I	0	0	0.0772	0.0115	0	0.9113
1326.I	0.0878	0.0344	0.105	0.0113	0	0.7615
1327.I	0.0049	0	0.0935	0.0754	0	0.8262
1328.I	0	0.0247	0.1515	0.0344	0	0.7894
1329.I	0	1e-04	0.002	0	0	0.9979
1330.I	0.0135	0	0.1007	0.0749	0	0.8109
1331.I	0	0.0346	0.085	0.0539	0	0.8265
1332.I	0	0	0.0746	0.187	0	0.7384
1333.I	0	0.0016	0.1639	0.0436	0	0.7909
1334.I	0.0096	0.0614	0.228	0.0077	9e-04	0.6924
1335.I	0.0245	0.0524	0.099	0.057	0	0.7671
1336.I	0.0099	0	0.1243	0.002	0	0.8638
1337.I	0.0077	0.0807	0.0821	0.0316	0	0.7979
1338.I	0.0223	0	0.1071	0.0244	0	0.8462
1339.I	0	0	0.1895	0.077	0	0.7335
1340.I	0.0014	0	0.1863	0.0188	0	0.7935
1341.I	0.0756	0.004	0.0618	0.0317	0	0.8269
1342.I	1e-04	0	0.1914	0.0234	0	0.7851
1343.I	0.0269	0	0.168	0.0493	1e-04	0.7557
1344.I	0	0	0.109068919068923	0.0672309692744852	0	0.823700111656592
1345.I	0.0015	1e-04	0.2044	0.0307	0	0.7633
1346.I	0.0155	0.1284	0.0856	0.0322	0	0.7383
1347.I	0.0044	0.007	0.0465	0.0244	0	0.9177
1348.I	0.1316	0	0.2182	0.0143	0.0052	0.6307
1349.I	0	0	0.0069	0.0437	0	0.9494
1350.I	0.0947	0.0013	0.0788	0.0672	3e-04	0.7577
1351.I	0.0336	0.069	0.1731	0	0.0011	0.7232
1352.I	0	0	0.0423	0.0124	0	0.9453
1353.I	0.012	0.037	0.2585	4e-04	1e-04	0.692
1354.I	1e-04	0.0209	0.1076	0.0063	0	0.8651
1355.I	0.1339	1e-04	0.0675	0	0	0.7985
1356.I	0	0.033	0.0921	0.0865	0	0.7884
1357.I	0	2e-04	0.0659	0.0557	0	0.8782
1358.I	0	0	0.4371	0.001	0	0.5619
1359.I	0.02	0.0159	0.1665	0	0	0.7976
1360.I	0	0	0.1255	3e-04	0	0.8742
1361.I	0	6e-04	0.0479	0.0235	0	0.928
1362.I	0.0239	0.014	0.1673	0	0	0.7948
1363.I	0	0	0.0511	0.1533	0	0.7956
1364.I	0	0.0619	0.1836	0.0791	0	0.6754
1365.I	0.0042	0.0091	0.1072	0.035	0	0.8445
1366.I	0	0	0.0559	0.0654	0	0.8787
1368.I	7e-04	0	0.0343	0.0189	0	0.9461
1369.I	3e-04	0.0036	0.1565	0.0176	0	0.822
1370.I	0	0	0.1445	0	0	0.8555
1371.I	0	0	0.027	0.0244	0	0.9486
1372.I	0.0163	0.0295	0.1342	0.0196	0	0.8004
1373.I	0.0064	6e-04	0.2002	0.0495	0	0.7433
1374.I	0.0151	0.0912	0.0564	0.0103	9e-04	0.8261
1375.I	0	0	0.107	0	0	0.893
1376.I	3e-04	0	0.024	0.0261	0	0.9496
1377.I	0.0813	0.1095	0.0813	0.0114	0.0013	0.7152
1378.I	0	0	0.1076	0	0	0.8924
1379.I	0	0.062	0.0851	0.0447	0	0.8082
1380.I	0.0298	0	0.0658	0.0227	0	0.8817
1381.I	0.0228	0	0.0371	0.0212	0	0.9189
1382.I	0.0115	0	0.0419	0.0271	0	0.9195
1383.I	0	0.0262	0.1639	0.0199	0	0.79
1384.I	0.0358	0.0283	0.0865	0	0	0.8494
1385.I	0.0129	0	0.1166	0.072	0	0.7985
1386.I	0.1975	0.0491	0.0678	2e-04	0	0.6854
1387.I	9e-04	0.0076	0.0575	0.0041	0	0.9299
1388.I	0	1e-04	0.1975	0.0394	0	0.763
1389.I	0.0817	0.0411	0.1443	0	0.0033	0.7296
1390.I	0.0883	0.0011	0.0804	0.1412	0	0.689
1391.I	0.0167	0.0041	0.0333	0.1368	0	0.8091
1392.I	0	0.0382	0.0736	0.0022	0	0.886
1393.I	0	0.0015	0.1444	0.0366	0	0.8175
1394.I	0.022	0.0017	0.2121	0.0391	0	0.7251
1395.I	0.0093	0	0.1008	0.0329	0	0.857
1397.I	0.0024	3e-04	0.032	0.0798	0	0.8855
1398.I	0.0383	0.0426	0.0641	0.0153	0	0.8397
1399.I	0.0039	0	0.0101	0.003	4e-04	0.9826
1400.I	0.016	0.0344	0.2543	0	2e-04	0.6951
1401.I	0.0175	0	0.1196	0.0387	0	0.8242
1402.I	0.0601	0.0656	0.0439	0.0374	0	0.793
1403.I	0	0.0028	0.1426	0.0018	0.0013	0.8515
1404.I	0.0038	0.0048	0.1552	0.0145	0	0.8217
1405.I	0	0.0013	0.2573	1e-04	0	0.7413
1406.I	0.0164	0.0415	0.048	0.0291	0	0.865
1407.I	0.0302	0.1128	0.1191	0.0313	0	0.7066
1408.I	0.0165	0	0.1107	0.0335	1e-04	0.8392
1409.I	0	0	0.07	0.0079	0	0.9221
1410.I	0	2e-04	0.1389	0.0411	0	0.8198
1411.I	0	0	0.1372	0.03	0	0.8328
1412.I	0	0	0.1092	0.0812	0	0.8096
1413.I	0	0	0.2462	0.1511	0	0.6027
1415.I	0.0032	0	0.0694	0	0	0.9274
1416.I	2e-04	0.0044	0.0391	0.0829	0	0.8734
1417.I	0	0	0.0938	0	0	0.9062
1418.I	0	0.0625	0.2149	0.0018	0	0.7208
1419.I	3e-04	0	0.0806	0.0131	0	0.906
1421.I	1e-04	0	0.1924	0.0555	0	0.752
1422.I	0.0405	0	0.0238	0.1896	3e-04	0.7458
1423.I	0	0	0.0805	0.0106	0	0.9089
1426.I	0.0148	0	0.0876	0.0521	0	0.8455
1427.I	0	0	0.2415	0.011	0	0.7475
1428.I	0.1168	0.213	0.2397	0	0	0.4305
1429.I	0	0.0257	0.1415	0.0407	0	0.7921
1430.I	0.0432	0	0.1819	0.0185	0	0.7564
1431.I	0	0.0015	0.1732	0.0665	0	0.7588
1432.I	0	0	0.4856	0	0	0.5144
1433.I	0	8e-04	0.2126	0	0	0.7866
1434.I	0.0188	0	0.0808	0.0215	0	0.8789
1435.I	0	0	2e-04	0	0	0.9998
1436.I	0.0225	0	0.1794	0.1094	0	0.6887
1437.I	0.0043	0	0.1149	4e-04	0	0.8804
1438.I	0	0.0433	0.1551	3e-04	0	0.8013
1439.I	0	0.0259	0.1246	0.0435	0	0.806
1440.I	0	0	0.0417	0.0127	4e-04	0.9452
1441.I	0.0169	0.0712	0.169	3e-04	0	0.7426
1442.I	0.0299	0	0.1726	0.0432	0	0.7543
1444.I	0.0107	0.0259	0.2733	0	0	0.6901
1445.I	0.0287	0.382	0.0714	0.0487	0	0.4692
1446.I	0.0301	0.0813	0.0275	0	0	0.8611
1447.I	0	0.367	0.1694	0.0231	0	0.4405
1448.I	0	0.0207	0.0768	0.0584	0	0.8441
1449.I	0	0	0.0512	0.2272	0	0.7216
1450.I	0.0151	0.053	0.1474	0.0416	0	0.7429
1452.I	0	0	0.1423	0.0239	0	0.8338
1453.I	0.0204	0	0.0798	0.0536	0	0.8462
1454.I	0	0.0371	0.0245	0.0647	1e-04	0.8736
1455.I	0.0204	0	0.0867	0.0131	0	0.8798
1456.I	0.0125	0.0023	0.1176	0.0189	0	0.8487
1458.I	0	0	0.1526	0.0049	3e-04	0.8422
1459.I	0.0094	0	0.196	0.059	0	0.7356
1460.I	0.0022	0.0017	0.1977	0.0126	0	0.7858
1461.I	0	0	0.0322	0.0563	0	0.9115
1463.I	0.0116	0.0194	0.0579	2e-04	0	0.9109
1464.I	0	0	0.1871	0	0	0.8129
1466.I	0.0126	0.0045	0.138	0.0037	0	0.8412
1467.I	0.0207	0	0.0629	0.0735	0	0.8429
1468.I	0	0	0.152	0	0	0.848
1469.I	0.0039	0.0901	0.1967	0.0201	0	0.6892
1470.I	0.0018	0.0473	0.1624	0.0337	0	0.7548
1472.I	0	0	0.0833	0.031	0	0.8857
1473.I	0.0209	0.0094	0.2025	0.0708	0	0.6964
1474.I	0.0012	0	0.0851	0.0606	0	0.8531
1475.I	0	0.0264	0.1368	0.12	0	0.7168
1476.I	0.0955	0.0216	0.0766	7e-04	0	0.8056
1480.I	0.0158	0.0218	0.1184	0.0149	0	0.8291
1481.I	1e-04	0	0.1653	0.0733	0	0.7613
1482.I	0	0	0.0745	0.0196	0	0.9059
1483.I	0	0	0.1176	0.1198	0	0.7626
1484.I	0	2e-04	0.0666	0.0095	0	0.9237
1485.I	3e-04	0.0079	0.2053	8e-04	0	0.7857
1486.I	0.0329	0	0.0184	0.0262	0	0.9225
1488.I	0	0	0.1074	0.0577	0	0.8349
1489.I	1e-04	0	0.1108	0.0622	0	0.8269
1490.I	0	0	0.055	0.1099	0	0.8351
1491.I	0	0.0214	0.1922	0.0131	3e-04	0.773
1492.I	0.0087	0.0036	0.0295	0.0277	0	0.9305
1494.I	1e-04	0	0.2062	0.082	0	0.7117
1495.I	0	0	0.1278	0.0399	0	0.8323
1497.I	4e-04	0	0.2139	0	0	0.7857
1498.I	0.0225	1e-04	0.1819	0.0132	0	0.7823
1499.I	0	0	0.1402	3e-04	0	0.8595
1500.I	0	0	0.0515	0.0672	0	0.8813
1501.I	0.0507	0	0.1421	0	0	0.8072
1502.I	0	0.0213	0.1407	0.0576	1e-04	0.7803
1503.I	0	0	0.1764	0.1242	0	0.6994
1504.I	0.1049	0.0578	0.1438	0.0124	0.0058	0.6753
1505.I	0.0376	0.0382	0.0407	0.1175	0	0.766
1507.I	0.0163	0.0018	0.1028	0	2e-04	0.8789
1508.I	8e-04	4e-04	0.1461	0.0014	0	0.8513
1509.I	0.0068	0.0035	0.1737	0.0279	0	0.7881
1510.I	0	0	0.2174	0.0526	1e-04	0.7299
1511.I	2e-04	0	0.1581	0	0	0.8417
1512.I	0.0888	0	0.0278	0.0772	0	0.8062
1513.I	0.0475	0.0081	0.1805	0.0552	0	0.7087
1514.I	0	0	0.0689	0.0186	0	0.9125
1515.I	0	0	0.0975	0.1287	0	0.7738
1517.I	0.0162	0.0519	0.1134	0	0	0.8185
1518.I	0.013	0.0989	0.2038	0.006	0	0.6783
1519.I	0.0026	0	0.0042	0.1175	0	0.8757
1520.I	0.0903	0.0698	0.1084	0.0563	0	0.6752
1521.I	0.0529	0	0.1131	0.012	0	0.822
1522.I	0	0	0.019	0.0191	0	0.9619
1523.I	0	0.0355	0.1016	0.0784	0	0.7845
1524.I	0.0131	0	0.1028	0.01	3e-04	0.8738
1525.I	0	2e-04	0.0393	0.0012	0	0.9593
1526.I	0	0	0.1314	0	0	0.8686
1527.I	0	0	0.0823	3e-04	0	0.9174
1528.I	0	0	7e-04	0.0227	0	0.9766
1529.I	0	0.0494	0.0648	0.0397	0	0.8461
1532.I	0.0011	0.1345	0.255	0	0	0.6094
1533.I	0.0129	0.0098	0.1342	0.0041	0	0.839
1534.I	0	0	0	0.0061	0	0.9939
1535.I	0	0.0106	0.1439	0.0359	0	0.8096
1536.I	0.0481	0	0.1248	0.0985	0	0.7286
1537.I	0	0	0.0485	0.035	0	0.9165
1538.I	0	0	0.1414	0.0261	0	0.8325
1539.I	0.0184	0	0.2195	0.1271	0	0.635
1540.I	0.0172	0	0.0991	0.0226	0	0.8611
1541.I	0.0754	0.0205	0.1716	0.0301	0	0.7024
1542.I	0	0.0054	0.2084	0	0	0.7862
1544.I	0.0128	0.0532	0.158	0.034	0	0.742
1545.I	0	7e-04	0.3016	0	0	0.6977
1547.I	0.0088	0.0218	0.0824	1e-04	0	0.8869
1548.I	0.0124	0.0522	0.1228	0.0703	0	0.7423
1549.I	2e-04	0.018	0.1243	0	0	0.8575
1550.I	0	7e-04	0.1219	0.0466	0	0.8308
1551.I	0.0218	0.0313	0.0822	0.0033	0	0.8614
1552.I	0	0.0178	0.1576	0	0	0.8246
1555.I	0	0.0349	0.1314	0.0206	0	0.8131
1556.I	0.0011	0	0.1187	0.0249	0	0.8553
1557.I	0.0149	2e-04	0.1511	0.0332	0	0.8006
1558.I	0	0	0.1204	0	1e-04	0.8795
1559.I	0.0384	0.0295	0.224	0	0	0.7081
1560.I	0.0886	0.0114	0.2041	0.0472	0	0.6487
1561.I	0	0	0.2459	0.044	0	0.7101
1562.I	0	0	0.1128	0.0149	0	0.8723
1563.I	0.015	0.0189	0.0799	0.0111	0	0.8751
1564.I	0.0249	0.088	0.1494	0.0036	1e-04	0.734
1565.I	0	0.0036	0.1218	0.0703	0	0.8043
1566.I	0	1e-04	0.2945	2e-04	0	0.7052
1567.I	0.0293	0.0385	0.1802	0	0	0.752
1568.I	0	0	0.103	0.0653	0	0.8317
1569.I	0	0	0.1149	0.0609	0	0.8242
1570.I	0	0	0.1142	0.0138	0	0.872
1572.I	2e-04	0	0.0511	0.0161	0	0.9326
1573.I	0.0137	0.0161	0.1517	0.0335	0	0.785
1574.I	5e-04	0.023	0.1595	0.0273	0	0.7897
1575.I	2e-04	0.0014	0.1161	0.0469	0	0.8354
1576.I	0.0381	1e-04	0.1745	1e-04	0	0.7872
1577.I	0	0	0.0039	0	0	0.9961
1578.I	0	0.0265	0.1119	0.1375	0	0.7241
1579.I	0.0577	0	0.2109	0.0417	0	0.6897
1581.I	0.0569	0.0443	0.2053	1e-04	0	0.6934
1582.I	0	0	0.1145	0.1232	0	0.7623
1583.I	0	0	0.2255	0.0401	0	0.7344
1584.I	0	0.0035	0.1913	0	0.0011	0.8041
1585.I	0	0.0124	0.1565	0.0035	3e-04	0.8273
1586.I	0	0.0128	0.2232	0.0181	0	0.7459
1589.I	0	0	0.2176	0.0457	0	0.7367
1590.I	0	0	0.1191	0.0207	0	0.8602
1591.I	0	0	0.1102	0.0473	0	0.8425
1592.I	0	0	0.0245	0.0142	0	0.9613
1593.I	0	0	0.0731	0.1157	0	0.8112
1594.I	0	0.0103	0.0655	0.0148	0	0.9094
1595.I	0	0	0.1406	4e-04	0	0.859
1596.I	0.0026	0	0.1247	0.0764	0	0.7963
1597.I	0	0	0.193	0.0094	0	0.7976
1598.I	0	4e-04	0.072	0.0233	0	0.9043
1599.I	0	0.0071	0.1704	0.0728	0	0.7497
1600.I	0.0029	0.0504	0.1198	0.0498	0	0.7771
1601.I	0.0131	0	0.1808	0.0383	0	0.7678
1602.I	0	0	0.1911	0.0013	0	0.8076
1603.I	0.0704	0	0.2033	0	1e-04	0.7262
1604.I	0.0045	0.004	0.0553	0.1012	0	0.835
1605.I	0.0366	0.0016	0.194	0.0054	0	0.7624
1606.I	0	4e-04	0.2478	0.0805	0	0.6713
1607.I	0.0045	0.021	0.0809	0.0062	0	0.8874
1608.I	0	1e-04	0.1986	0	0	0.8013
1609.I	0	0	0.1016	0.0139	0	0.8845
1610.I	0.0024	0.0125	0.0991	0.0015	0	0.8845
1611.I	0	0.0417	0.1102	0.0329	0	0.8152
1612.I	0	0	0.081	0.0364	0	0.8826
1613.I	0.1226	8e-04	0.0612	0.0299	0	0.7855
1614.I	0	0.0374	0.118	0.08	0	0.7646
1616.I	0	0	0	0	0	1
1617.I	0	0	0.0224	0	0	0.9776
1618.I	0.0052	0.0417	0.3259	0	0	0.6272
1619.I	0.0173	0.0089	0.1212	0.0402	0	0.8124
1620.I	0.0013	0	0.1829	0.0441	0	0.7717
1622.I	0	0.0077	0.085	0.0186	0	0.8887
1623.I	0	0	0.0352	0	0	0.9648
1624.I	0	0.028	0.178	0.0024	0	0.7916
1625.I	7e-04	0.2042	0.225	0	0	0.5701
1627.I	0	0.0876	0.2405	1e-04	0	0.6718
1628.I	2e-04	1e-04	0.0567	0.0128	4e-04	0.9298
1630.I	0	0	0.2495	0.1049	0	0.6456
1631.I	0	0.1258	0.289	0.003	0	0.5822
1633.I	0	0	0.046	0.1833	1e-04	0.7706
1634.I	0.0038	0.0091	0.201	0.0206	0.0155	0.75
1635.I	0.0019	0.0333	0.184	0	0	0.7808
1636.I	0	0	0.0727	0.0928	0	0.8345
1637.I	0	0	0.2096	0.0361	0	0.7543
1638.I	0.0447	0.029	0.124	0.0184	0	0.7839
1640.I	4e-04	0	0	3e-04	0	0.9993
1641.I	1e-04	1e-04	0	0.008	0	0.9918
1643.I	0.0128	0	0.1716	0.0308	0	0.7848
