Taxon	AAGAGGCA.AGAGGATA_S83	AAGAGGCA.ATAGAGAG_S82	AAGAGGCA.CTCCTTAC_S85	AGGCAGAA.AGAGGATA_S19	AGGCAGAA.ATAGAGAG_S18	AGGCAGAA.CTCCTTAC_S21	AGGCAGAA.TACTCCTT_S23	AGGCAGAA.TATGCAGT_S22	CGAGGCTG.ATAGAGAG_S74	CGAGGCTG.CTCCTTAC_S77	CGTACTAG.AGAGGATA_S11	CGTACTAG.ATAGAGAG_S10	CGTACTAG.CTCCTTAC_S13	CGTACTAG.TACTCCTT_S15	CGTACTAG.TATGCAGT_S14	CTCTCTAC.AGAGGATA_S51	CTCTCTAC.ATAGAGAG_S50	CTCTCTAC.CTCCTTAC_S53	CTCTCTAC.TATGCAGT_S54	GGACTCCT.AGAGGATA_S35	GGACTCCT.CTCCTTAC_S37	GGACTCCT.TACTCCTT_S39	GGACTCCT.TATGCAGT_S38	GTAGAGGA.AGAGGATA_S91	GTAGAGGA.ATAGAGAG_S90	GTAGAGGA.CTCCTTAC_S93	GTAGAGGA.TATGCAGT_S94	TAAGGCGA.AGAGGATA_S3	TAAGGCGA.ATAGAGAG_S2	TAAGGCGA.CTCCTTAC_S5	TAAGGCGA.TACTCCTT_S7	TAAGGCGA.TATGCAGT_S6	TAGGCATG.AGAGGATA_S43	TAGGCATG.ATAGAGAG_S42	TAGGCATG.TATGCAGT_S46	TCCTGAGC.AGAGGATA_S27	TCCTGAGC.ATAGAGAG_S26	TCCTGAGC.CTCCTTAC_S29	TCCTGAGC.TACTCCTT_S31	TCCTGAGC.TATGCAGT_S30	Undetermined_S0
k__Bacteria;p__Acidobacteria;c__Acidobacteriia	0.0	0.0217264956547	0.0	0.00559950279975	0.0	0.0073403	0.00425260042526	0.0	0.0567470056747	0.0	0.0666077933392	0.0124062012406	0.0	0.0	0.0119749964075	0.0	0.0	0.0	0.00804579919542	0.0	0.110911088909	0.0	0.0146783985322	0.0	0.0	0.0701767070177	0.0	0.0	0.0	0.0	0.0124443987556	0.0	0.0155715015572	0.0	0.0457547	0.0	0.0	0.0	0.0	0.0142835942866	0.00401390040139
k__Bacteria;p__Actinobacteria;c__Actinobacteria	0.308367430837	0.180509563898	0.5957569	0.310417455209	0.6756123	0.3116075	0.620619562062	0.301259469874	0.103492110349	0.75430082457	0.34829516517	0.167530416753	0.396726960327	0.314021968598	0.479151856254	0.46919655308	0.18049978195	0.121791912179	0.15790138421	0.385109238511	0.405514859449	1.0	0.586031041397	0.2890724	0.545757754576	0.393840939384	0.409127881826	0.1638414	0.0260688947862	0.116209588379	0.333288966671	0.700317870032	0.489970648997	0.321088832109	0.2262973	0.087814917563	0.0078265	0.1898442	0.4530884	0.409757036097	0.233748323375
k__Bacteria;p__Bacteroidetes;c__Bacteroidia	0.0	0.0	0.0	0.0045638022819	0.0	0.0	0.0	0.0	0.0286856028686	0.0	0.0	0.0	0.0	0.0	0.0	0.0	0.0	0.0	0.0	0.0	0.0	0.0	0.0	0.0	0.0	0.0	0.0	0.0	0.0	0.0	0.0	0.0	0.00165350016535	0.0	0.0	0.183743336749	0.0	0.0	0.0	0.0	0.0128559012856
k__Bacteria;p__Bacteroidetes;c__Cytophagia	0.0	0.00583839883232	0.0195561	0.0191213095607	0.0	0.0308676	0.0113322011332	0.0	0.0198088019809	0.0	0.0637470936253	0.0514068051407	0.0474222952578	0.0	0.0230928930721	0.0439449956055	0.0	0.0	0.0154329984567	0.0322660032266	0.0721062927894	0.0	0.0260730973927	0.0	0.00403760040376	0.0482008048201	0.0423747084749	0.008449	0.0	0.00088819991118	0.0223249977675	0.011209501121	0.0182891018289	0.0227180022718	0.0051024	0.00042260008452	0.0	0.0462786	0.0	0.0331593867362	0.00753570075357
k__Bacteria;p__Bacteroidetes;c__Flavobacteriia	0.0	0.0	0.0	0.0	0.0	0.0	0.0	0.0	0.117772611777	0.0	0.0364514963549	0.0	0.0	0.0	0.0	0.0	0.0	0.0	0.0	0.0	0.0	0.0	0.0	0.0	0.0	0.0	0.0	0.0	0.0	0.00447869955213	0.0	0.0	0.00436390043639	0.0	0.0	0.0	0.0	0.0004267	0.0	0.0	0.00048920004892
k__Bacteria;p__Bacteroidetes;c__Sphingobacteriia	0.205805020581	0.110842377832	0.0511459	0.0112464056232	0.0	0.2159326	0.00787490078749	0.0	0.0835431083543	0.0	0.0	0.190507119051	0.206572179343	0.00658049934195	0.122186063344	0.11530398847	0.0	0.0	0.0946287905371	0.0315316031532	0.0	0.0	0.0294810970519	0.0	0.0	0.188519318852	0.175674235135	0.0	0.0	0.0125034987497	0.0763947923605	0.0	0.0365170036517	0.175443817544	0.3190062	0.0	0.3539302	0.3224688	0.0	0.230302507879	0.0339929033993
k__Bacteria;p__Cyanobacteria;c__Cyanobacteria_noname	0.0	0.019544796091	0.0	0.0050372025186	0.0741313	0.0132064	0.0	0.0	0.0	0.0	0.0	0.0	0.0	0.0	0.0	0.0	0.0	0.0	0.0	0.0488207048821	0.02250019775	0.0	0.0	0.0	0.00768670076867	0.0	0.0	0.0224339	0.0	0.00972229902777	0.0130432986957	0.0	0.0	0.0	0.0	0.0	0.0	0.0	0.0	0.0	0.0
k__Bacteria;p__Deinococcus_Thermus;c__Deinococci	0.0	0.0236273952745	0.0	0.0304471152236	0.0	0.015965	0.0138740013874	0.130027386997	0.00776880077688	0.0	0.0241451975855	0.0134917013492	0.0453338954666	0.00421109957889	0.0	0.0975390902461	0.0	0.0	0.0304618969538	0.0196729019673	0.111092288891	0.0	0.0319254968075	0.0361157	0.00929230092923	0.043869804387	0.0468178093636	0.0406801	0.0	0.00587659941234	0.0157678984232	0.0276616027662	0.0260276026028	0.0186990018699	0.0	0.0	0.0	0.0086278	0.0371999	0.0261041895583	0.00397770039777
k__Bacteria;p__Firmicutes;c__Bacilli	0.105170010517	0.230611753878	0.0	0.0692372346186	0.2502564	0.0165465	0.137739813774	0.0	0.0412317041232	0.187846381215	0.054780394522	0.0	0.00251329974867	0.0	0.187073543878	0.0326437967356	0.0	0.0	0.0	0.0	0.0373130962687	0.0	0.0387228961277	0.0	0.318934731893	0.0300827030083	0.0	0.1646654	0.0328112934377	0.106727389327	0.00719709928029	0.124155512416	0.192277219228	0.299111929911	0.0548027	0.684485736897	0.1451062	0.0140842	0.0498854	0.0113182954727	0.0883988088399
k__Bacteria;p__Firmicutes;c__Clostridia	0.0	0.0	0.0	0.001390000695	0.0	0.0	0.00624650062465	0.0	0.0165242016524	0.0070509992949	0.0	0.0	0.00742749925725	0.0	0.0	0.0	0.0	0.0	0.0	0.0	0.0134413986559	0.0	0.0	0.0	0.0505093050509	0.00256720025672	0.0	0.0010286	0.0	0.00792029920797	0.00040249995975	0.0	0.0112229011223	0.0125662012566	0.0	0.0218163043633	0.0	0.0	0.0	0.0	0.0812292081229
k__Bacteria;p__Firmicutes;c__Negativicutes	0.0	0.00341429931714	0.0	0.0	0.0	0.0	0.0	0.0	0.0	0.0	0.0	0.0	0.0	0.0	0.0	0.0	0.0	0.0	0.0	0.0	0.0	0.0	0.0	0.0	0.007160000716	0.0	0.0	0.0	0.0	0.0	0.0	0.0	0.00110750011075	0.00177380017738	0.0	0.0	0.0	0.0	0.0	0.0	0.00029980002998
k__Bacteria;p__Proteobacteria;c__Alphaproteobacteria	0.0486553048655	0.0299976940005	0.0	0.0247967123984	0.0	0.035241	0.00463720046372	0.292761070724	0.115874411587	0.0116571988343	0.107089289291	0.0492743049274	0.0191443980856	0.0588940941106	0.0149822955053	0.0	0.81950021805	0.147623314762	0.02049959795	0.031929503193	0.0633258936674	0.0	0.0339737966026	0.0	0.0	0.0263574026357	0.0589044117809	0.0565393	0.0341277931744	0.0708826929117	0.0183610981639	0.0354791035479	0.0210154021015	0.0536783053678	0.0	0.00280860056172	0.0263453	0.017735	0.0	0.0539113784354	0.138129813813
k__Bacteria;p__Proteobacteria;c__Betaproteobacteria	0.0245354024535	0.0	0.0287491	0.0247895123948	0.0	0.1323849	0.0141367014137	0.0240194975981	0.0309616030962	0.0	0.0485561951444	0.0853925085393	0.188189881181	0.158528884147	0.0445791866262	0.118383488162	0.0	0.0	0.0246140975386	0.0451482045148	0.0471737952826	0.0	0.0535362946464	0.0	0.0	0.0745868074587	0.0531139106228	0.1093103	0.0204779959044	0.0267622973238	0.157650484235	0.0174186017419	0.0366655036666	0.00852230085223	0.039132	0.0007625001525	0.0278819	0.1048916	0.0	0.0700109719956	0.0381613038161
k__Bacteria;p__Proteobacteria;c__Gammaproteobacteria	0.307466830747	0.373887225223	0.0	0.282757841379	0.0	0.2159638	0.0494327049433	0.251932574807	0.377590037759	0.0391445960855	0.250327374967	0.429990942999	0.083159591684	0.416166658383	0.116959164912	0.068780393122	0.0	0.730584773058	0.43669885633	0.387243538724	0.0647113935289	0.0	0.185577881442	0.6748119	0.0289374028937	0.0880350088035	0.206737241347	0.4309522	0.886514022697	0.638028436197	0.343124465688	0.0837578083758	0.117718011772	0.0806066080607	0.3099047	0.0181460036292	0.4389099	0.2849548	0.4598263	0.146341941463	0.340818934082
k__Bacteria;p__Tenericutes;c__Mollicutes	0.0	0.0	0.0	0.0	0.0	0.0	0.0	0.0	0.0	0.0	0.0	0.0	0.0	0.0	0.0	0.0	0.0	0.0	0.0	0.0	0.0	0.0	0.0	0.0	0.0	0.0	0.0	0.0	0.0	0.0	0.0	0.0	0.0	0.0	0.0	0.0	0.0	0.0	0.0	0.0	0.00065470006547
k__Eukaryota;p__Ascomycota;c__Eurotiomycetes	0.0	0.0	0.0	0.0	0.0	0.0	0.0	0.0	0.0	0.0	0.0	0.0	0.0	0.0	0.0	0.0	0.0	0.0	0.0	0.0	0.0	0.0	0.0	0.0	0.0	0.0	0.0	0.0	0.0	0.0	0.0	0.0	0.0	0.0	0.0	0.0	0.0	0.0	0.0	0.0	0.0007960000796
k__Viruses;p__Viruses_noname;c__Viruses_noname	0.0	0.0	0.304792	0.210595905298	0.0	0.0049444	0.129853812985	0.0	0.0	0.0	0.0	0.0	0.003509999649	0.0415967958403	0.0	0.0542076945792	0.0	0.0	0.211716578828	0.0182783018278	0.051909694809	0.0	0.0	0.0	0.0276842027684	0.0337633033763	0.00724980144996	0.0020998	0.0	0.0	0.0	0.0	0.02760020276	0.00579120057912	0.0	0.0	0.0	0.0106883	0.0	0.00481069807572	0.0148978014898
