# Constructed from biom file
#OTU ID	oneuL1201	oneuL1202	oneuL120a1.2	oneuL120a1	oneuL120a2.2	oneuL120a2	oneuL120e1	oneuL1251	oneuL1252	oneuL125a1.2	oneuL125a1	oneuL125c1	oneuL131a1	oneuL1401	oneuL1402.2	oneuL1402	oneuL1403	oneuL1404.2	oneuL1404	oneuL2181	oneuL2191	oneuL2192	oneuL2201	oneuL2202	oneuL2421	oneuL2422	oneuL2431	oneuL2451	oneuL2461	oneuL3031	oneuL3041	oneuL304a1	oneuL304b1	oneuL3081	oneuL3082	oneuL308a1	oneuL3181	oneuL3182	oneuL3301.2	oneuL3301	oneuL330a1	oneuL3441	oneuL3461	oneuL3462	oneuLb401	oneuLC1	oneuLC2	oneuLC3	oneuLC4	oneuLC5	oneuLC6	oneuLcontroL1	oneuLcontroL2	oneuLFT1	oneuLFT2	oneuLFT3	oneuLFT4	oneuLFT5	oneuLFT6	oneuLh2411	oneuLH2412.2	oneuLh2412	oneuLP1	oneuLP2	oneuLP3	oneuLP4	oneuLP5	oneuLP6	oneuLs2101.2	oneuLs2101	oneuLs2301	oneuLs2401
k__Archaea;p__Crenarchaeota;c__Thaumarchaeota;o__Nitrososphaerales	0.0	0.0	0.0	0.0	0.0	0.0	0.0	0.0	0.0	3.0	0.0	2.0	0.0	0.0	0.0	0.0	0.0	0.0	0.0	0.0	0.0	5.0	0.0	0.0	0.0	0.0	2.0	0.0	0.0	0.0	0.0	3.0	0.0	0.0	4.0	24.0	0.0	0.0	0.0	0.0	0.0	0.0	6.0	0.0	13.0	0.0	0.0	0.0	0.0	0.0	0.0	0.0	0.0	0.0	0.0	0.0	0.0	0.0	0.0	0.0	0.0	0.0	0.0	0.0	0.0	0.0	0.0	0.0	7.0	7.0	2.0	2.0
k__Archaea;p__Euryarchaeota;c__Halobacteria;o__Halobacteriales	0.0	0.0	0.0	0.0	0.0	0.0	0.0	0.0	0.0	0.0	0.0	0.0	0.0	0.0	4.0	11.0	0.0	0.0	0.0	0.0	0.0	0.0	0.0	0.0	0.0	0.0	0.0	0.0	0.0	0.0	0.0	0.0	0.0	0.0	0.0	0.0	0.0	0.0	0.0	0.0	0.0	0.0	0.0	0.0	0.0	0.0	0.0	0.0	0.0	0.0	0.0	0.0	0.0	0.0	0.0	0.0	0.0	0.0	0.0	0.0	0.0	0.0	0.0	0.0	0.0	0.0	0.0	0.0	0.0	0.0	0.0	0.0
k__Archaea;p__Euryarchaeota;c__Methanobacteria;o__Methanobacteriales	0.0	0.0	0.0	0.0	0.0	0.0	0.0	0.0	0.0	0.0	0.0	0.0	0.0	0.0	0.0	0.0	0.0	0.0	0.0	0.0	0.0	0.0	0.0	0.0	0.0	0.0	0.0	0.0	0.0	0.0	0.0	0.0	0.0	0.0	0.0	0.0	0.0	0.0	0.0	0.0	0.0	0.0	0.0	0.0	0.0	0.0	0.0	0.0	0.0	0.0	0.0	3.0	0.0	0.0	0.0	0.0	0.0	0.0	0.0	0.0	0.0	0.0	0.0	0.0	0.0	0.0	0.0	0.0	0.0	0.0	0.0	0.0
k__Bacteria;p__;c__;o__	0.0	0.0	0.0	0.0	0.0	0.0	0.0	0.0	0.0	0.0	0.0	0.0	0.0	0.0	0.0	0.0	0.0	0.0	0.0	0.0	0.0	0.0	0.0	0.0	0.0	0.0	0.0	0.0	0.0	0.0	0.0	0.0	0.0	0.0	0.0	0.0	2.0	0.0	0.0	0.0	0.0	0.0	0.0	0.0	0.0	0.0	0.0	0.0	0.0	0.0	0.0	0.0	0.0	0.0	0.0	0.0	0.0	0.0	0.0	0.0	0.0	0.0	0.0	0.0	0.0	0.0	0.0	0.0	0.0	0.0	0.0	0.0
k__Bacteria;p__Acidobacteria;c__;o__	0.0	0.0	0.0	0.0	0.0	9.0	0.0	0.0	0.0	0.0	0.0	0.0	0.0	0.0	0.0	0.0	0.0	0.0	0.0	0.0	0.0	0.0	0.0	0.0	0.0	0.0	0.0	0.0	0.0	0.0	0.0	0.0	0.0	0.0	3.0	10.0	0.0	2.0	0.0	0.0	0.0	3.0	0.0	0.0	0.0	0.0	0.0	0.0	0.0	0.0	0.0	0.0	0.0	0.0	0.0	0.0	0.0	0.0	0.0	0.0	0.0	0.0	0.0	0.0	0.0	0.0	0.0	0.0	0.0	0.0	0.0	0.0
k__Bacteria;p__Acidobacteria;c__Acidobacteria-5;o__	0.0	0.0	0.0	0.0	0.0	0.0	0.0	0.0	0.0	32.0	0.0	0.0	0.0	0.0	0.0	0.0	0.0	0.0	0.0	0.0	0.0	0.0	0.0	0.0	0.0	0.0	0.0	0.0	0.0	0.0	0.0	0.0	0.0	0.0	0.0	0.0	0.0	0.0	0.0	0.0	0.0	0.0	0.0	0.0	0.0	0.0	0.0	0.0	0.0	0.0	0.0	0.0	0.0	0.0	0.0	0.0	0.0	0.0	0.0	0.0	0.0	0.0	0.0	0.0	0.0	0.0	0.0	0.0	0.0	3.0	0.0	0.0
k__Bacteria;p__Acidobacteria;c__Acidobacteria-6;o__	0.0	0.0	0.0	9.0	0.0	0.0	0.0	0.0	0.0	0.0	0.0	0.0	4.0	0.0	0.0	0.0	0.0	2.0	0.0	0.0	0.0	0.0	0.0	0.0	0.0	0.0	0.0	0.0	0.0	0.0	0.0	0.0	0.0	0.0	4.0	0.0	0.0	0.0	0.0	0.0	0.0	0.0	0.0	0.0	0.0	0.0	0.0	0.0	0.0	3.0	0.0	0.0	0.0	0.0	0.0	0.0	3.0	0.0	0.0	0.0	0.0	0.0	0.0	0.0	0.0	0.0	0.0	0.0	3.0	2.0	0.0	0.0
k__Bacteria;p__Acidobacteria;c__Acidobacteria-6;o__CCU21	0.0	0.0	2.0	8.0	0.0	0.0	0.0	0.0	0.0	19.0	0.0	0.0	2.0	0.0	0.0	0.0	0.0	0.0	0.0	0.0	0.0	0.0	0.0	0.0	0.0	0.0	0.0	0.0	0.0	0.0	0.0	0.0	0.0	0.0	0.0	0.0	0.0	0.0	0.0	0.0	0.0	0.0	0.0	0.0	0.0	0.0	0.0	0.0	0.0	0.0	0.0	0.0	0.0	0.0	0.0	0.0	0.0	0.0	0.0	0.0	0.0	0.0	0.0	0.0	0.0	0.0	0.0	0.0	0.0	0.0	2.0	0.0
k__Bacteria;p__Acidobacteria;c__Acidobacteria-6;o__iii1-15	0.0	4.0	13.0	82.0	29.0	28.0	9.0	2.0	16.0	538.0	23.0	14.0	31.0	0.0	9.0	6.0	0.0	16.0	31.0	17.0	11.0	51.0	8.0	16.0	2.0	35.0	9.0	23.0	4.0	0.0	13.0	18.0	0.0	22.0	29.0	56.0	39.0	9.0	5.0	20.0	8.0	28.0	27.0	18.0	11.0	0.0	6.0	0.0	10.0	10.0	6.0	11.0	0.0	0.0	8.0	5.0	16.0	6.0	0.0	36.0	26.0	21.0	0.0	0.0	13.0	0.0	5.0	0.0	97.0	135.0	24.0	17.0
k__Bacteria;p__Acidobacteria;c__Acidobacteriia;o__Acidobacteriales	0.0	9.0	24.0	71.0	41.0	40.0	61.0	0.0	208.0	8.0	0.0	64.0	85.0	6.0	709.0	410.0	102.0	176.0	37.0	57.0	78.0	87.0	71.0	41.0	18.0	32.0	17.0	14.0	56.0	0.0	54.0	38.0	9.0	98.0	137.0	253.0	95.0	15.0	33.0	63.0	71.0	160.0	254.0	70.0	69.0	0.0	11.0	20.0	5.0	23.0	11.0	21.0	0.0	4.0	0.0	34.0	19.0	7.0	0.0	42.0	179.0	280.0	0.0	0.0	18.0	12.0	5.0	4.0	65.0	60.0	238.0	121.0
k__Bacteria;p__Acidobacteria;c__DA052;o__Ellin6513	0.0	0.0	0.0	0.0	0.0	0.0	0.0	0.0	0.0	0.0	0.0	0.0	0.0	0.0	0.0	0.0	0.0	0.0	0.0	0.0	0.0	0.0	0.0	0.0	0.0	0.0	0.0	0.0	0.0	0.0	0.0	0.0	0.0	0.0	0.0	0.0	0.0	0.0	0.0	0.0	0.0	0.0	0.0	0.0	0.0	0.0	0.0	0.0	0.0	0.0	0.0	0.0	0.0	0.0	0.0	0.0	0.0	0.0	0.0	0.0	0.0	2.0	0.0	0.0	0.0	0.0	0.0	0.0	0.0	3.0	0.0	0.0
k__Bacteria;p__Acidobacteria;c__PAUC37f;o__	0.0	0.0	0.0	0.0	0.0	0.0	0.0	0.0	0.0	5.0	0.0	0.0	0.0	0.0	0.0	0.0	0.0	0.0	0.0	0.0	0.0	0.0	0.0	0.0	0.0	0.0	2.0	0.0	0.0	0.0	0.0	0.0	0.0	0.0	0.0	0.0	0.0	0.0	0.0	0.0	0.0	0.0	0.0	0.0	0.0	0.0	0.0	0.0	0.0	0.0	0.0	0.0	0.0	0.0	0.0	0.0	0.0	0.0	0.0	0.0	0.0	0.0	0.0	0.0	0.0	0.0	0.0	0.0	0.0	0.0	0.0	0.0
k__Bacteria;p__Acidobacteria;c__RB25;o__	0.0	0.0	0.0	0.0	0.0	0.0	0.0	0.0	0.0	5.0	0.0	0.0	0.0	0.0	0.0	0.0	0.0	0.0	0.0	0.0	0.0	0.0	0.0	0.0	0.0	0.0	0.0	0.0	0.0	0.0	0.0	0.0	0.0	0.0	0.0	0.0	0.0	0.0	0.0	0.0	0.0	0.0	0.0	0.0	0.0	0.0	0.0	0.0	0.0	0.0	0.0	0.0	0.0	0.0	0.0	0.0	0.0	0.0	0.0	0.0	0.0	0.0	0.0	0.0	0.0	0.0	0.0	0.0	0.0	0.0	0.0	0.0
k__Bacteria;p__Acidobacteria;c__Solibacteres;o__JH-WHS99	0.0	0.0	0.0	0.0	0.0	0.0	0.0	0.0	0.0	0.0	0.0	0.0	0.0	0.0	0.0	0.0	0.0	0.0	0.0	0.0	0.0	0.0	0.0	0.0	0.0	0.0	0.0	0.0	0.0	0.0	0.0	0.0	0.0	0.0	0.0	0.0	0.0	0.0	0.0	0.0	0.0	0.0	0.0	0.0	0.0	0.0	0.0	0.0	0.0	0.0	0.0	0.0	0.0	0.0	0.0	0.0	0.0	0.0	0.0	0.0	0.0	0.0	0.0	0.0	0.0	0.0	0.0	0.0	0.0	0.0	0.0	3.0
k__Bacteria;p__Acidobacteria;c__Solibacteres;o__Solibacterales	12.0	3.0	8.0	63.0	13.0	19.0	21.0	2.0	41.0	27.0	0.0	36.0	95.0	8.0	70.0	72.0	14.0	40.0	0.0	9.0	26.0	86.0	30.0	22.0	2.0	17.0	3.0	3.0	28.0	0.0	3.0	15.0	0.0	62.0	40.0	41.0	11.0	35.0	3.0	61.0	29.0	83.0	133.0	43.0	31.0	0.0	13.0	21.0	7.0	27.0	19.0	22.0	0.0	19.0	19.0	34.0	78.0	21.0	0.0	25.0	24.0	47.0	0.0	0.0	33.0	15.0	5.0	25.0	19.0	46.0	49.0	44.0
k__Bacteria;p__Acidobacteria;c__Sva0725;o__Sva0725	0.0	0.0	0.0	3.0	0.0	0.0	0.0	0.0	7.0	0.0	0.0	0.0	2.0	0.0	0.0	0.0	0.0	6.0	0.0	0.0	0.0	5.0	4.0	0.0	2.0	0.0	0.0	0.0	0.0	0.0	0.0	0.0	3.0	0.0	0.0	0.0	0.0	0.0	0.0	9.0	3.0	5.0	16.0	0.0	2.0	0.0	0.0	0.0	0.0	9.0	0.0	10.0	0.0	4.0	0.0	14.0	8.0	3.0	0.0	0.0	0.0	3.0	0.0	0.0	11.0	0.0	2.0	0.0	7.0	12.0	0.0	0.0
k__Bacteria;p__Acidobacteria;c__[Chloracidobacteria];o__DS-100	0.0	2.0	0.0	22.0	3.0	0.0	0.0	0.0	0.0	0.0	0.0	0.0	2.0	0.0	0.0	0.0	0.0	0.0	0.0	0.0	0.0	10.0	0.0	0.0	0.0	0.0	0.0	0.0	0.0	0.0	0.0	0.0	0.0	0.0	10.0	3.0	12.0	0.0	0.0	0.0	0.0	0.0	0.0	0.0	0.0	0.0	0.0	0.0	0.0	0.0	0.0	0.0	0.0	0.0	0.0	0.0	0.0	0.0	0.0	0.0	0.0	0.0	0.0	0.0	0.0	0.0	0.0	0.0	3.0	3.0	0.0	0.0
k__Bacteria;p__Acidobacteria;c__[Chloracidobacteria];o__PK29	0.0	0.0	0.0	5.0	0.0	3.0	4.0	0.0	0.0	25.0	0.0	0.0	0.0	0.0	0.0	2.0	0.0	0.0	0.0	0.0	0.0	0.0	0.0	0.0	0.0	2.0	0.0	0.0	0.0	0.0	0.0	0.0	0.0	5.0	0.0	0.0	4.0	0.0	0.0	0.0	0.0	0.0	0.0	0.0	0.0	0.0	0.0	0.0	0.0	0.0	0.0	0.0	0.0	0.0	0.0	0.0	2.0	0.0	0.0	0.0	0.0	2.0	0.0	0.0	0.0	0.0	0.0	0.0	2.0	0.0	0.0	0.0
k__Bacteria;p__Acidobacteria;c__[Chloracidobacteria];o__RB41	0.0	33.0	12.0	124.0	16.0	39.0	26.0	10.0	32.0	18.0	0.0	260.0	114.0	5.0	48.0	15.0	8.0	39.0	18.0	62.0	18.0	212.0	50.0	12.0	0.0	79.0	25.0	27.0	14.0	0.0	10.0	8.0	20.0	139.0	124.0	50.0	67.0	7.0	3.0	9.0	9.0	7.0	24.0	45.0	18.0	2.0	118.0	45.0	52.0	93.0	79.0	12.0	0.0	51.0	92.0	53.0	77.0	58.0	0.0	69.0	35.0	63.0	0.0	0.0	77.0	38.0	58.0	32.0	125.0	147.0	21.0	39.0
k__Bacteria;p__Acidobacteria;c__iii1-8;o__32-20	0.0	0.0	0.0	0.0	0.0	0.0	0.0	0.0	0.0	11.0	0.0	3.0	0.0	0.0	0.0	0.0	0.0	0.0	0.0	0.0	0.0	0.0	0.0	0.0	0.0	0.0	0.0	0.0	0.0	0.0	0.0	0.0	0.0	0.0	0.0	0.0	3.0	0.0	0.0	0.0	0.0	0.0	0.0	0.0	0.0	0.0	0.0	0.0	0.0	0.0	0.0	0.0	0.0	0.0	0.0	0.0	0.0	0.0	0.0	0.0	0.0	0.0	0.0	0.0	0.0	0.0	0.0	0.0	3.0	5.0	0.0	0.0
k__Bacteria;p__Acidobacteria;c__iii1-8;o__DS-18	0.0	0.0	0.0	37.0	0.0	0.0	0.0	0.0	0.0	0.0	0.0	0.0	0.0	0.0	0.0	0.0	0.0	0.0	0.0	0.0	0.0	0.0	0.0	0.0	0.0	0.0	0.0	2.0	0.0	0.0	0.0	0.0	0.0	0.0	2.0	0.0	0.0	0.0	0.0	0.0	0.0	0.0	3.0	0.0	5.0	0.0	0.0	0.0	0.0	0.0	0.0	4.0	0.0	0.0	0.0	0.0	0.0	0.0	0.0	0.0	0.0	0.0	0.0	0.0	0.0	0.0	0.0	0.0	0.0	7.0	0.0	0.0
k__Bacteria;p__Actinobacteria;c__Acidimicrobiia;o__Acidimicrobiales	4.0	6.0	3.0	93.0	16.0	24.0	11.0	0.0	28.0	182.0	0.0	13.0	29.0	2.0	13.0	26.0	3.0	5.0	22.0	7.0	16.0	31.0	23.0	6.0	2.0	8.0	7.0	50.0	3.0	0.0	0.0	13.0	4.0	36.0	46.0	43.0	29.0	5.0	7.0	12.0	2.0	2.0	52.0	11.0	22.0	0.0	8.0	7.0	6.0	10.0	0.0	19.0	3.0	10.0	0.0	4.0	4.0	0.0	0.0	20.0	8.0	13.0	0.0	0.0	6.0	3.0	0.0	0.0	141.0	132.0	12.0	26.0
k__Bacteria;p__Actinobacteria;c__Actinobacteria;o__	0.0	0.0	0.0	0.0	0.0	0.0	0.0	0.0	0.0	0.0	0.0	0.0	0.0	0.0	0.0	0.0	0.0	0.0	0.0	0.0	0.0	0.0	0.0	0.0	0.0	0.0	0.0	0.0	0.0	0.0	0.0	0.0	0.0	0.0	0.0	0.0	0.0	0.0	0.0	0.0	0.0	0.0	3.0	0.0	0.0	0.0	0.0	0.0	0.0	0.0	0.0	0.0	0.0	0.0	0.0	0.0	0.0	0.0	0.0	0.0	0.0	0.0	0.0	0.0	0.0	0.0	0.0	0.0	0.0	0.0	13.0	5.0
k__Bacteria;p__Actinobacteria;c__Actinobacteria;o__Actinomycetales	1089.0	1799.0	7665.0	4436.0	6986.0	4980.0	8363.0	8379.0	7331.0	5317.0	45.0	5201.0	8158.0	3130.0	4069.0	6108.0	3146.0	4706.0	1720.0	4609.0	7787.0	5751.0	9244.0	6237.0	6361.0	8627.0	3435.0	4173.0	10281.0	0.0	8495.0	5005.0	1362.0	5373.0	5395.0	7630.0	4928.0	4630.0	6190.0	5911.0	9754.0	8667.0	5393.0	7331.0	7100.0	169.0	9720.0	7384.0	7082.0	7282.0	6514.0	1115.0	195.0	8632.0	8588.0	7825.0	9868.0	6905.0	4.0	6044.0	6916.0	6950.0	0.0	3.0	6568.0	5731.0	7510.0	4505.0	7312.0	6816.0	6138.0	9767.0
k__Bacteria;p__Actinobacteria;c__Actinobacteria;o__Bifidobacteriales	0.0	9.0	89.0	40.0	46.0	58.0	65.0	12.0	30.0	34.0	0.0	9.0	16.0	0.0	0.0	0.0	73.0	0.0	12.0	23.0	33.0	18.0	93.0	24.0	5.0	329.0	69.0	55.0	5.0	0.0	0.0	19.0	0.0	13.0	15.0	9.0	41.0	7.0	8.0	0.0	4.0	2.0	17.0	0.0	0.0	7.0	116.0	74.0	71.0	78.0	113.0	127.0	0.0	196.0	46.0	135.0	83.0	44.0	0.0	22.0	12.0	18.0	0.0	0.0	73.0	116.0	51.0	351.0	31.0	28.0	0.0	9.0
k__Bacteria;p__Actinobacteria;c__Actinobacteria;o__Micrococcales	0.0	0.0	0.0	0.0	0.0	0.0	0.0	0.0	0.0	0.0	0.0	0.0	3.0	0.0	0.0	0.0	0.0	0.0	0.0	0.0	0.0	0.0	0.0	0.0	0.0	0.0	0.0	0.0	0.0	0.0	0.0	0.0	0.0	0.0	0.0	0.0	0.0	0.0	0.0	0.0	0.0	0.0	0.0	0.0	0.0	0.0	0.0	0.0	0.0	0.0	0.0	0.0	0.0	0.0	0.0	0.0	0.0	0.0	0.0	0.0	0.0	0.0	0.0	0.0	0.0	0.0	0.0	0.0	0.0	0.0	0.0	0.0
k__Bacteria;p__Actinobacteria;c__Coriobacteriia;o__Coriobacteriales	6.0	0.0	12.0	0.0	0.0	2.0	11.0	4.0	4.0	0.0	0.0	0.0	0.0	0.0	0.0	0.0	2.0	0.0	24.0	5.0	10.0	5.0	11.0	0.0	0.0	31.0	5.0	22.0	0.0	0.0	5.0	14.0	54.0	26.0	20.0	0.0	6.0	0.0	3.0	0.0	0.0	0.0	7.0	4.0	0.0	0.0	2.0	4.0	3.0	0.0	0.0	6.0	10.0	17.0	0.0	4.0	2.0	7.0	0.0	2.0	5.0	2.0	0.0	0.0	17.0	6.0	2.0	0.0	13.0	8.0	3.0	0.0
k__Bacteria;p__Actinobacteria;c__MB-A2-108;o__0319-7L14	7.0	0.0	0.0	0.0	3.0	0.0	2.0	0.0	0.0	19.0	0.0	0.0	6.0	0.0	0.0	0.0	0.0	0.0	0.0	2.0	0.0	0.0	3.0	0.0	0.0	0.0	0.0	2.0	2.0	0.0	0.0	3.0	2.0	0.0	0.0	0.0	3.0	0.0	0.0	2.0	2.0	0.0	6.0	0.0	8.0	0.0	0.0	0.0	0.0	0.0	0.0	0.0	0.0	0.0	0.0	0.0	0.0	0.0	0.0	0.0	0.0	0.0	0.0	0.0	0.0	0.0	0.0	0.0	8.0	16.0	0.0	4.0
k__Bacteria;p__Actinobacteria;c__OPB41;o__	0.0	0.0	0.0	0.0	0.0	0.0	0.0	0.0	0.0	0.0	0.0	0.0	0.0	0.0	0.0	0.0	0.0	0.0	0.0	0.0	0.0	0.0	0.0	0.0	0.0	0.0	0.0	0.0	0.0	0.0	0.0	0.0	0.0	0.0	0.0	0.0	0.0	0.0	0.0	0.0	0.0	0.0	2.0	0.0	3.0	0.0	0.0	0.0	0.0	0.0	0.0	0.0	0.0	0.0	0.0	0.0	0.0	0.0	0.0	0.0	0.0	0.0	0.0	0.0	0.0	0.0	0.0	0.0	0.0	0.0	0.0	0.0
k__Bacteria;p__Actinobacteria;c__Rubrobacteria;o__Rubrobacterales	6.0	2.0	4.0	7.0	0.0	3.0	4.0	0.0	2.0	0.0	0.0	70.0	19.0	0.0	0.0	4.0	9.0	2.0	12.0	7.0	0.0	24.0	13.0	8.0	0.0	3.0	0.0	2.0	5.0	0.0	0.0	0.0	2.0	44.0	16.0	0.0	6.0	7.0	0.0	7.0	2.0	0.0	12.0	14.0	5.0	2.0	39.0	27.0	43.0	59.0	50.0	0.0	0.0	41.0	10.0	57.0	34.0	37.0	0.0	12.0	11.0	14.0	0.0	0.0	48.0	34.0	46.0	26.0	100.0	49.0	0.0	15.0
k__Bacteria;p__Actinobacteria;c__Thermoleophilia;o__Gaiellales	7.0	0.0	7.0	15.0	7.0	11.0	11.0	5.0	14.0	158.0	0.0	12.0	28.0	5.0	0.0	12.0	4.0	5.0	9.0	23.0	23.0	26.0	19.0	0.0	2.0	9.0	0.0	10.0	2.0	0.0	4.0	0.0	15.0	32.0	9.0	28.0	19.0	4.0	4.0	3.0	11.0	20.0	31.0	20.0	28.0	0.0	0.0	2.0	2.0	4.0	0.0	11.0	0.0	4.0	4.0	2.0	6.0	0.0	0.0	57.0	12.0	30.0	0.0	0.0	3.0	10.0	2.0	0.0	162.0	161.0	23.0	43.0
k__Bacteria;p__Actinobacteria;c__Thermoleophilia;o__Solirubrobacterales	18.0	57.0	44.0	196.0	71.0	56.0	79.0	22.0	96.0	202.0	0.0	70.0	141.0	10.0	68.0	62.0	11.0	65.0	54.0	149.0	31.0	183.0	100.0	26.0	12.0	108.0	25.0	107.0	27.0	0.0	32.0	59.0	88.0	180.0	156.0	249.0	183.0	20.0	22.0	95.0	29.0	41.0	92.0	119.0	355.0	5.0	123.0	99.0	138.0	175.0	143.0	49.0	0.0	100.0	105.0	126.0	117.0	102.0	0.0	195.0	101.0	128.0	0.0	0.0	138.0	71.0	91.0	140.0	536.0	614.0	69.0	196.0
k__Bacteria;p__Armatimonadetes;c__0319-6E2;o__	0.0	0.0	0.0	2.0	0.0	0.0	0.0	0.0	0.0	0.0	0.0	0.0	0.0	0.0	0.0	0.0	0.0	0.0	0.0	0.0	0.0	0.0	0.0	0.0	0.0	0.0	0.0	0.0	0.0	0.0	0.0	0.0	0.0	0.0	0.0	0.0	0.0	0.0	2.0	0.0	0.0	0.0	2.0	0.0	0.0	0.0	0.0	0.0	0.0	0.0	0.0	0.0	0.0	0.0	0.0	0.0	0.0	0.0	0.0	0.0	0.0	2.0	0.0	0.0	0.0	0.0	0.0	0.0	0.0	0.0	2.0	4.0
k__Bacteria;p__Armatimonadetes;c__Armatimonadia;o__Armatimonadales	0.0	0.0	3.0	9.0	0.0	6.0	11.0	0.0	19.0	4.0	0.0	18.0	52.0	0.0	15.0	0.0	0.0	0.0	0.0	0.0	6.0	22.0	6.0	0.0	0.0	2.0	5.0	4.0	4.0	0.0	6.0	3.0	0.0	29.0	12.0	0.0	0.0	2.0	3.0	2.0	5.0	0.0	12.0	8.0	0.0	2.0	47.0	27.0	42.0	70.0	49.0	0.0	0.0	37.0	41.0	78.0	19.0	36.0	0.0	22.0	10.0	9.0	0.0	0.0	67.0	29.0	33.0	57.0	3.0	18.0	11.0	18.0
k__Bacteria;p__Armatimonadetes;c__Armatimonadia;o__FW68	0.0	0.0	0.0	7.0	10.0	2.0	0.0	0.0	4.0	0.0	0.0	2.0	50.0	0.0	44.0	14.0	0.0	11.0	7.0	0.0	7.0	6.0	6.0	0.0	0.0	4.0	0.0	0.0	0.0	0.0	0.0	0.0	0.0	3.0	15.0	8.0	2.0	0.0	0.0	0.0	2.0	0.0	10.0	8.0	0.0	0.0	0.0	0.0	0.0	0.0	0.0	0.0	0.0	5.0	0.0	0.0	0.0	0.0	0.0	0.0	9.0	17.0	0.0	0.0	3.0	0.0	0.0	2.0	2.0	0.0	2.0	2.0
k__Bacteria;p__Armatimonadetes;c__Chthonomonadetes;o__Chthonomonadales	0.0	0.0	0.0	6.0	0.0	0.0	0.0	0.0	7.0	0.0	0.0	0.0	9.0	0.0	3.0	6.0	0.0	0.0	0.0	0.0	4.0	20.0	0.0	0.0	0.0	0.0	0.0	0.0	0.0	0.0	0.0	3.0	0.0	13.0	8.0	3.0	3.0	0.0	0.0	6.0	2.0	0.0	0.0	5.0	4.0	0.0	0.0	3.0	2.0	7.0	0.0	0.0	0.0	0.0	3.0	0.0	2.0	11.0	0.0	4.0	4.0	16.0	0.0	0.0	3.0	4.0	0.0	6.0	4.0	0.0	3.0	14.0
k__Bacteria;p__Armatimonadetes;c__SHA-37;o__	0.0	0.0	0.0	0.0	0.0	0.0	0.0	0.0	0.0	0.0	0.0	0.0	0.0	0.0	0.0	0.0	0.0	0.0	0.0	0.0	2.0	0.0	0.0	0.0	0.0	0.0	0.0	0.0	0.0	0.0	0.0	0.0	0.0	2.0	0.0	0.0	0.0	0.0	0.0	0.0	0.0	0.0	2.0	0.0	0.0	0.0	0.0	0.0	0.0	0.0	0.0	0.0	0.0	0.0	0.0	0.0	0.0	0.0	0.0	0.0	0.0	0.0	0.0	0.0	0.0	0.0	0.0	0.0	0.0	0.0	0.0	0.0
k__Bacteria;p__Armatimonadetes;c__SJA-176;o__RB046	0.0	0.0	0.0	0.0	0.0	0.0	0.0	0.0	0.0	0.0	0.0	0.0	0.0	0.0	0.0	0.0	0.0	0.0	0.0	0.0	0.0	0.0	0.0	0.0	0.0	0.0	0.0	0.0	0.0	0.0	0.0	0.0	0.0	0.0	0.0	0.0	0.0	0.0	0.0	3.0	0.0	2.0	0.0	0.0	0.0	0.0	0.0	0.0	0.0	0.0	0.0	0.0	0.0	0.0	0.0	0.0	0.0	0.0	0.0	0.0	0.0	0.0	0.0	0.0	0.0	0.0	0.0	0.0	0.0	2.0	0.0	0.0
k__Bacteria;p__Armatimonadetes;c__[Fimbriimonadia];o__[Fimbriimonadales]	0.0	2.0	2.0	5.0	3.0	3.0	2.0	0.0	2.0	0.0	0.0	19.0	7.0	2.0	19.0	48.0	0.0	13.0	21.0	6.0	0.0	12.0	0.0	0.0	0.0	0.0	2.0	0.0	2.0	0.0	0.0	4.0	3.0	16.0	10.0	8.0	3.0	0.0	0.0	3.0	9.0	0.0	0.0	6.0	0.0	0.0	19.0	16.0	21.0	20.0	18.0	0.0	0.0	11.0	5.0	20.0	11.0	11.0	0.0	15.0	4.0	2.0	0.0	0.0	33.0	9.0	19.0	5.0	10.0	11.0	4.0	10.0
k__Bacteria;p__BRC1;c__PRR-11;o__	0.0	0.0	0.0	0.0	0.0	0.0	0.0	0.0	0.0	4.0	0.0	0.0	0.0	0.0	0.0	0.0	0.0	0.0	0.0	0.0	0.0	0.0	0.0	0.0	0.0	0.0	3.0	0.0	0.0	0.0	0.0	0.0	0.0	0.0	0.0	0.0	0.0	0.0	0.0	0.0	0.0	0.0	11.0	0.0	0.0	0.0	0.0	0.0	0.0	0.0	0.0	14.0	0.0	0.0	0.0	0.0	0.0	0.0	0.0	0.0	0.0	0.0	0.0	0.0	0.0	0.0	0.0	0.0	0.0	0.0	0.0	0.0
k__Bacteria;p__Bacteroidetes;c__Bacteroidia;o__Bacteroidales	9.0	7.0	34.0	9.0	12.0	25.0	79.0	45.0	34.0	13.0	0.0	15.0	5.0	0.0	5.0	0.0	4587.0	0.0	3.0	30.0	28.0	6.0	90.0	4.0	2.0	263.0	405.0	758.0	10.0	0.0	10.0	23.0	3107.0	19.0	37.0	25.0	50.0	2.0	8.0	6.0	12.0	24.0	31.0	11.0	0.0	0.0	17.0	16.0	15.0	20.0	15.0	36.0	42.0	181.0	3.0	368.0	0.0	47.0	0.0	22.0	12.0	19.0	0.0	0.0	16.0	12.0	11.0	6.0	100.0	69.0	8.0	22.0
k__Bacteria;p__Bacteroidetes;c__Cytophagia;o__Cytophagales	125.0	231.0	906.0	826.0	1849.0	1759.0	700.0	85.0	1170.0	115.0	0.0	1541.0	648.0	272.0	1092.0	1112.0	806.0	1505.0	617.0	1048.0	1358.0	1212.0	2584.0	1310.0	3167.0	772.0	240.0	146.0	4173.0	0.0	4620.0	423.0	117.0	1635.0	1383.0	1922.0	660.0	1320.0	1553.0	1429.0	1852.0	2762.0	2131.0	1919.0	1644.0	12.0	760.0	697.0	816.0	1898.0	1265.0	233.0	40.0	775.0	270.0	1250.0	580.0	891.0	0.0	1768.0	2005.0	2456.0	0.0	4.0	1493.0	617.0	999.0	271.0	817.0	789.0	2711.0	2214.0
k__Bacteria;p__Bacteroidetes;c__Flavobacteriia;o__Flavobacteriales	16.0	54.0	97.0	164.0	167.0	128.0	103.0	75.0	84.0	27.0	0.0	83.0	43.0	27.0	22.0	18.0	114.0	1206.0	418.0	101.0	133.0	136.0	106.0	90.0	210.0	93.0	304.0	71.0	225.0	0.0	141.0	91.0	4.0	47.0	614.0	122.0	126.0	104.0	107.0	79.0	116.0	117.0	195.0	97.0	54.0	0.0	7.0	3.0	4.0	33.0	2.0	203.0	259.0	3.0	0.0	14.0	4.0	37.0	0.0	99.0	146.0	117.0	0.0	0.0	5.0	2.0	0.0	0.0	157.0	114.0	99.0	110.0
k__Bacteria;p__Bacteroidetes;c__Sphingobacteriia;o__Sphingobacteriales	58.0	188.0	451.0	274.0	708.0	520.0	211.0	66.0	401.0	64.0	0.0	92.0	75.0	80.0	355.0	290.0	306.0	437.0	113.0	253.0	604.0	129.0	511.0	440.0	1294.0	128.0	119.0	198.0	1723.0	0.0	801.0	118.0	34.0	138.0	576.0	703.0	311.0	538.0	396.0	356.0	935.0	1001.0	658.0	533.0	451.0	0.0	16.0	63.0	24.0	86.0	38.0	934.0	46.0	76.0	2.0	71.0	58.0	74.0	0.0	244.0	743.0	741.0	0.0	0.0	97.0	52.0	37.0	0.0	238.0	164.0	957.0	419.0
k__Bacteria;p__Bacteroidetes;c__[Rhodothermi];o__[Rhodothermales]	6.0	4.0	0.0	0.0	0.0	6.0	9.0	0.0	8.0	0.0	0.0	22.0	25.0	2.0	2.0	0.0	2.0	0.0	0.0	8.0	3.0	12.0	7.0	0.0	0.0	8.0	0.0	0.0	0.0	0.0	0.0	4.0	3.0	28.0	13.0	5.0	4.0	0.0	0.0	9.0	4.0	0.0	0.0	6.0	6.0	0.0	18.0	3.0	14.0	15.0	17.0	0.0	0.0	14.0	6.0	20.0	12.0	13.0	0.0	14.0	7.0	7.0	0.0	0.0	12.0	8.0	6.0	5.0	14.0	11.0	6.0	7.0
k__Bacteria;p__Bacteroidetes;c__[Saprospirae];o__[Saprospirales]	23.0	59.0	45.0	304.0	108.0	116.0	74.0	16.0	127.0	120.0	0.0	131.0	121.0	12.0	177.0	179.0	41.0	145.0	38.0	40.0	124.0	158.0	128.0	90.0	34.0	59.0	20.0	32.0	82.0	0.0	29.0	69.0	14.0	156.0	116.0	163.0	149.0	163.0	34.0	69.0	78.0	127.0	250.0	157.0	158.0	0.0	29.0	23.0	6.0	100.0	52.0	40.0	0.0	44.0	38.0	57.0	37.0	57.0	0.0	101.0	108.0	147.0	0.0	0.0	142.0	16.0	33.0	3.0	237.0	144.0	211.0	214.0
k__Bacteria;p__Chlamydiae;c__Chlamydiia;o__Chlamydiales	0.0	8.0	0.0	0.0	0.0	4.0	0.0	2380.0	3.0	0.0	3.0	0.0	0.0	8.0	0.0	0.0	0.0	0.0	0.0	42.0	0.0	2.0	0.0	0.0	0.0	0.0	0.0	0.0	0.0	0.0	0.0	0.0	0.0	0.0	0.0	0.0	0.0	0.0	0.0	0.0	0.0	0.0	0.0	0.0	0.0	0.0	0.0	0.0	0.0	0.0	8.0	0.0	0.0	22.0	0.0	2.0	0.0	0.0	0.0	14.0	0.0	0.0	0.0	0.0	0.0	0.0	0.0	0.0	0.0	2.0	0.0	0.0
k__Bacteria;p__Chlorobi;c__;o__	0.0	0.0	0.0	0.0	0.0	0.0	0.0	0.0	0.0	0.0	0.0	0.0	0.0	0.0	0.0	0.0	0.0	0.0	0.0	0.0	0.0	0.0	0.0	0.0	0.0	0.0	0.0	0.0	0.0	0.0	0.0	0.0	0.0	0.0	0.0	0.0	0.0	0.0	0.0	3.0	0.0	0.0	0.0	0.0	0.0	0.0	0.0	0.0	0.0	0.0	0.0	0.0	0.0	0.0	0.0	0.0	0.0	0.0	0.0	0.0	0.0	0.0	0.0	0.0	0.0	0.0	0.0	0.0	0.0	0.0	0.0	0.0
k__Bacteria;p__Chlorobi;c__OPB56;o__	0.0	0.0	0.0	0.0	0.0	0.0	0.0	0.0	0.0	0.0	0.0	0.0	0.0	0.0	0.0	4.0	0.0	0.0	0.0	0.0	0.0	0.0	0.0	0.0	0.0	0.0	0.0	0.0	0.0	0.0	0.0	0.0	0.0	0.0	0.0	0.0	0.0	0.0	0.0	0.0	0.0	0.0	0.0	0.0	0.0	0.0	0.0	0.0	0.0	0.0	0.0	0.0	0.0	0.0	0.0	0.0	0.0	0.0	0.0	0.0	0.0	0.0	0.0	0.0	0.0	0.0	0.0	0.0	0.0	2.0	0.0	0.0
k__Bacteria;p__Chloroflexi;c__Anaerolineae;o__	0.0	0.0	0.0	0.0	0.0	0.0	0.0	0.0	0.0	0.0	0.0	0.0	0.0	0.0	0.0	0.0	0.0	0.0	0.0	0.0	0.0	0.0	0.0	0.0	0.0	0.0	0.0	0.0	0.0	0.0	0.0	0.0	0.0	0.0	0.0	0.0	0.0	0.0	0.0	0.0	0.0	0.0	2.0	0.0	0.0	0.0	0.0	0.0	0.0	0.0	0.0	0.0	0.0	0.0	0.0	0.0	0.0	0.0	0.0	0.0	0.0	0.0	0.0	0.0	0.0	0.0	0.0	0.0	0.0	0.0	0.0	0.0
k__Bacteria;p__Chloroflexi;c__Anaerolineae;o__A31	0.0	0.0	0.0	2.0	0.0	0.0	0.0	0.0	0.0	0.0	0.0	0.0	2.0	0.0	0.0	0.0	0.0	0.0	0.0	0.0	0.0	0.0	0.0	0.0	0.0	0.0	0.0	0.0	0.0	0.0	0.0	0.0	0.0	0.0	0.0	0.0	0.0	0.0	0.0	0.0	0.0	0.0	0.0	0.0	0.0	0.0	0.0	0.0	0.0	0.0	0.0	0.0	0.0	0.0	0.0	0.0	0.0	0.0	0.0	0.0	0.0	0.0	0.0	0.0	0.0	0.0	0.0	0.0	0.0	0.0	0.0	0.0
k__Bacteria;p__Chloroflexi;c__Anaerolineae;o__Anaerolineales	0.0	0.0	0.0	0.0	0.0	0.0	0.0	0.0	0.0	0.0	0.0	0.0	0.0	0.0	0.0	0.0	0.0	0.0	0.0	0.0	0.0	0.0	0.0	0.0	0.0	0.0	0.0	0.0	0.0	0.0	0.0	0.0	0.0	0.0	0.0	0.0	0.0	0.0	0.0	8.0	4.0	2.0	5.0	0.0	0.0	0.0	0.0	0.0	0.0	3.0	2.0	0.0	0.0	0.0	0.0	5.0	0.0	0.0	0.0	0.0	2.0	4.0	0.0	0.0	2.0	0.0	0.0	0.0	0.0	0.0	3.0	0.0
k__Bacteria;p__Chloroflexi;c__Anaerolineae;o__CFB-26	0.0	0.0	0.0	0.0	0.0	0.0	0.0	0.0	0.0	0.0	0.0	0.0	0.0	0.0	0.0	0.0	0.0	0.0	0.0	0.0	0.0	0.0	0.0	0.0	0.0	0.0	0.0	0.0	0.0	0.0	0.0	0.0	0.0	0.0	0.0	0.0	0.0	0.0	0.0	0.0	0.0	0.0	0.0	0.0	0.0	0.0	0.0	0.0	0.0	0.0	0.0	0.0	0.0	0.0	0.0	0.0	0.0	0.0	0.0	0.0	0.0	0.0	0.0	0.0	0.0	0.0	0.0	0.0	0.0	2.0	0.0	0.0
k__Bacteria;p__Chloroflexi;c__Anaerolineae;o__Caldilineales	0.0	0.0	0.0	0.0	0.0	0.0	0.0	0.0	0.0	0.0	0.0	2.0	0.0	0.0	0.0	4.0	0.0	0.0	0.0	0.0	0.0	0.0	0.0	2.0	0.0	0.0	0.0	0.0	0.0	0.0	0.0	0.0	0.0	2.0	0.0	0.0	0.0	0.0	0.0	0.0	0.0	0.0	0.0	0.0	2.0	0.0	0.0	0.0	0.0	0.0	0.0	0.0	0.0	0.0	10.0	0.0	0.0	0.0	0.0	0.0	0.0	0.0	0.0	0.0	0.0	0.0	0.0	0.0	0.0	2.0	2.0	0.0
k__Bacteria;p__Chloroflexi;c__Anaerolineae;o__GCA004	0.0	0.0	3.0	0.0	0.0	0.0	0.0	0.0	0.0	0.0	0.0	0.0	0.0	0.0	0.0	0.0	0.0	0.0	0.0	0.0	0.0	0.0	0.0	0.0	0.0	0.0	0.0	0.0	0.0	0.0	0.0	0.0	0.0	0.0	0.0	0.0	0.0	0.0	0.0	0.0	0.0	0.0	4.0	0.0	0.0	0.0	0.0	0.0	0.0	0.0	0.0	0.0	0.0	0.0	0.0	3.0	0.0	0.0	0.0	2.0	0.0	0.0	0.0	0.0	0.0	0.0	0.0	0.0	0.0	0.0	0.0	0.0
k__Bacteria;p__Chloroflexi;c__Anaerolineae;o__H39	0.0	0.0	0.0	0.0	0.0	0.0	0.0	0.0	0.0	0.0	0.0	0.0	0.0	0.0	0.0	0.0	0.0	0.0	0.0	0.0	0.0	0.0	0.0	0.0	0.0	0.0	0.0	0.0	0.0	0.0	0.0	0.0	0.0	0.0	0.0	0.0	0.0	0.0	0.0	0.0	0.0	0.0	0.0	0.0	3.0	0.0	0.0	0.0	0.0	0.0	0.0	0.0	0.0	0.0	0.0	0.0	0.0	0.0	0.0	0.0	0.0	0.0	0.0	0.0	0.0	0.0	0.0	0.0	0.0	0.0	0.0	0.0
k__Bacteria;p__Chloroflexi;c__Anaerolineae;o__SBR1031	0.0	0.0	0.0	8.0	0.0	0.0	0.0	0.0	2.0	0.0	0.0	2.0	7.0	0.0	0.0	0.0	0.0	0.0	7.0	0.0	2.0	0.0	2.0	0.0	0.0	0.0	0.0	0.0	0.0	0.0	0.0	0.0	0.0	0.0	4.0	3.0	3.0	0.0	0.0	0.0	0.0	0.0	0.0	0.0	2.0	0.0	2.0	0.0	0.0	0.0	0.0	0.0	3.0	2.0	0.0	0.0	6.0	4.0	0.0	7.0	0.0	7.0	0.0	0.0	2.0	0.0	0.0	0.0	4.0	17.0	0.0	8.0
k__Bacteria;p__Chloroflexi;c__Anaerolineae;o__SJA-15	0.0	0.0	0.0	0.0	0.0	0.0	0.0	0.0	0.0	0.0	0.0	0.0	0.0	0.0	0.0	0.0	0.0	0.0	0.0	0.0	0.0	0.0	0.0	0.0	2.0	0.0	0.0	3.0	2.0	0.0	0.0	0.0	2.0	2.0	2.0	0.0	2.0	0.0	0.0	6.0	0.0	0.0	5.0	0.0	3.0	0.0	0.0	0.0	0.0	0.0	0.0	0.0	0.0	0.0	0.0	0.0	0.0	2.0	0.0	0.0	0.0	0.0	0.0	0.0	0.0	0.0	0.0	0.0	0.0	0.0	0.0	4.0
k__Bacteria;p__Chloroflexi;c__Anaerolineae;o__WCHB1-50	0.0	0.0	0.0	5.0	0.0	0.0	0.0	0.0	0.0	0.0	0.0	0.0	0.0	0.0	0.0	0.0	0.0	0.0	0.0	0.0	0.0	0.0	0.0	0.0	0.0	0.0	0.0	0.0	0.0	0.0	0.0	0.0	0.0	0.0	5.0	0.0	0.0	0.0	0.0	0.0	0.0	0.0	0.0	0.0	0.0	0.0	0.0	0.0	0.0	0.0	0.0	0.0	0.0	0.0	0.0	0.0	0.0	0.0	0.0	0.0	0.0	0.0	0.0	0.0	2.0	0.0	0.0	0.0	0.0	0.0	0.0	0.0
k__Bacteria;p__Chloroflexi;c__Anaerolineae;o__envOPS12	0.0	0.0	0.0	0.0	0.0	0.0	0.0	0.0	0.0	2.0	0.0	0.0	0.0	0.0	0.0	0.0	0.0	0.0	0.0	0.0	0.0	0.0	0.0	0.0	0.0	0.0	0.0	0.0	0.0	0.0	0.0	0.0	0.0	0.0	0.0	0.0	0.0	0.0	0.0	0.0	0.0	0.0	0.0	0.0	0.0	0.0	0.0	0.0	0.0	0.0	0.0	0.0	0.0	0.0	0.0	0.0	0.0	0.0	0.0	0.0	0.0	0.0	0.0	0.0	0.0	0.0	0.0	0.0	0.0	0.0	0.0	3.0
k__Bacteria;p__Chloroflexi;c__C0119;o__	0.0	0.0	0.0	12.0	0.0	2.0	0.0	0.0	2.0	0.0	0.0	2.0	8.0	2.0	0.0	7.0	0.0	3.0	0.0	0.0	5.0	2.0	0.0	2.0	0.0	0.0	0.0	0.0	0.0	0.0	0.0	0.0	0.0	0.0	5.0	0.0	0.0	6.0	0.0	0.0	0.0	0.0	13.0	0.0	5.0	0.0	0.0	0.0	0.0	0.0	0.0	13.0	0.0	0.0	0.0	0.0	2.0	0.0	0.0	2.0	0.0	2.0	0.0	0.0	2.0	0.0	0.0	0.0	0.0	5.0	2.0	12.0
k__Bacteria;p__Chloroflexi;c__Chloroflexi;o__AKIW781	0.0	4.0	0.0	22.0	0.0	6.0	0.0	0.0	3.0	0.0	0.0	326.0	58.0	0.0	78.0	249.0	0.0	0.0	0.0	44.0	15.0	87.0	20.0	6.0	0.0	9.0	0.0	0.0	0.0	0.0	4.0	11.0	6.0	45.0	11.0	8.0	3.0	0.0	2.0	5.0	15.0	3.0	0.0	16.0	0.0	0.0	12.0	3.0	7.0	19.0	9.0	0.0	0.0	7.0	20.0	10.0	4.0	20.0	0.0	34.0	13.0	20.0	0.0	0.0	18.0	0.0	13.0	8.0	29.0	25.0	22.0	29.0
k__Bacteria;p__Chloroflexi;c__Chloroflexi;o__Chloroflexales	0.0	3.0	0.0	18.0	4.0	3.0	2.0	3.0	2.0	0.0	0.0	0.0	11.0	0.0	0.0	0.0	0.0	0.0	0.0	0.0	0.0	0.0	0.0	0.0	0.0	6.0	0.0	5.0	0.0	0.0	0.0	5.0	0.0	3.0	3.0	0.0	7.0	0.0	0.0	0.0	0.0	0.0	0.0	0.0	0.0	0.0	0.0	0.0	0.0	0.0	0.0	0.0	0.0	0.0	0.0	2.0	3.0	0.0	0.0	0.0	2.0	0.0	0.0	0.0	0.0	0.0	0.0	0.0	0.0	8.0	0.0	9.0
k__Bacteria;p__Chloroflexi;c__Chloroflexi;o__Herpetosiphonales	0.0	0.0	0.0	17.0	0.0	0.0	0.0	0.0	0.0	0.0	0.0	0.0	13.0	0.0	5.0	0.0	0.0	0.0	0.0	0.0	2.0	4.0	0.0	2.0	0.0	0.0	6.0	0.0	0.0	0.0	0.0	0.0	0.0	2.0	0.0	0.0	3.0	0.0	0.0	0.0	0.0	0.0	0.0	0.0	0.0	0.0	0.0	0.0	0.0	0.0	0.0	0.0	0.0	0.0	17.0	0.0	0.0	0.0	0.0	8.0	0.0	0.0	0.0	0.0	2.0	0.0	0.0	0.0	0.0	6.0	0.0	3.0
k__Bacteria;p__Chloroflexi;c__Chloroflexi;o__[Roseiflexales]	0.0	0.0	2.0	25.0	5.0	9.0	0.0	0.0	0.0	2.0	0.0	0.0	0.0	0.0	0.0	7.0	0.0	0.0	0.0	0.0	3.0	14.0	0.0	0.0	0.0	3.0	4.0	4.0	0.0	0.0	0.0	0.0	0.0	5.0	17.0	0.0	9.0	0.0	0.0	5.0	2.0	2.0	11.0	0.0	0.0	0.0	0.0	0.0	3.0	2.0	0.0	0.0	0.0	0.0	9.0	3.0	18.0	0.0	0.0	0.0	0.0	4.0	0.0	0.0	0.0	0.0	0.0	2.0	10.0	0.0	2.0	11.0
k__Bacteria;p__Chloroflexi;c__Dehalococcoidetes;o__Dehalococcoidales	0.0	0.0	0.0	0.0	0.0	0.0	0.0	0.0	0.0	2.0	0.0	0.0	0.0	0.0	0.0	0.0	0.0	0.0	0.0	0.0	0.0	0.0	0.0	0.0	0.0	0.0	0.0	0.0	0.0	0.0	0.0	0.0	0.0	0.0	0.0	0.0	0.0	0.0	0.0	0.0	0.0	0.0	0.0	0.0	0.0	0.0	0.0	0.0	0.0	0.0	0.0	0.0	0.0	0.0	0.0	0.0	0.0	0.0	0.0	0.0	0.0	0.0	0.0	0.0	0.0	0.0	0.0	0.0	0.0	0.0	0.0	0.0
k__Bacteria;p__Chloroflexi;c__Ellin6529;o__	0.0	0.0	0.0	20.0	22.0	10.0	17.0	2.0	13.0	145.0	0.0	4.0	10.0	0.0	0.0	8.0	7.0	13.0	9.0	12.0	17.0	19.0	38.0	17.0	0.0	23.0	3.0	11.0	16.0	0.0	25.0	12.0	13.0	32.0	35.0	34.0	30.0	15.0	14.0	8.0	21.0	50.0	53.0	22.0	43.0	0.0	5.0	6.0	9.0	0.0	0.0	6.0	0.0	0.0	3.0	6.0	6.0	4.0	0.0	31.0	15.0	37.0	0.0	0.0	7.0	4.0	6.0	0.0	77.0	102.0	37.0	11.0
k__Bacteria;p__Chloroflexi;c__Gitt-GS-136;o__	0.0	0.0	0.0	0.0	0.0	0.0	0.0	0.0	0.0	2.0	0.0	0.0	0.0	0.0	0.0	0.0	0.0	0.0	0.0	0.0	0.0	0.0	0.0	0.0	0.0	0.0	0.0	0.0	0.0	0.0	2.0	0.0	0.0	0.0	0.0	0.0	0.0	0.0	0.0	0.0	0.0	0.0	2.0	0.0	8.0	0.0	0.0	0.0	0.0	0.0	0.0	0.0	3.0	0.0	0.0	0.0	0.0	0.0	0.0	0.0	0.0	3.0	0.0	0.0	0.0	0.0	0.0	0.0	0.0	0.0	0.0	0.0
k__Bacteria;p__Chloroflexi;c__Ktedonobacteria;o__	0.0	0.0	0.0	0.0	0.0	0.0	0.0	0.0	0.0	0.0	0.0	0.0	0.0	0.0	0.0	0.0	0.0	0.0	2.0	0.0	0.0	0.0	0.0	0.0	0.0	0.0	0.0	0.0	0.0	0.0	0.0	0.0	0.0	0.0	0.0	0.0	0.0	0.0	0.0	0.0	0.0	0.0	0.0	0.0	0.0	0.0	0.0	0.0	0.0	0.0	0.0	0.0	0.0	0.0	0.0	0.0	0.0	0.0	0.0	0.0	0.0	0.0	0.0	0.0	0.0	0.0	0.0	0.0	0.0	0.0	0.0	0.0
k__Bacteria;p__Chloroflexi;c__Ktedonobacteria;o__B12-WMSP1	0.0	0.0	0.0	0.0	0.0	2.0	0.0	0.0	0.0	0.0	0.0	0.0	0.0	0.0	0.0	0.0	0.0	0.0	0.0	0.0	0.0	0.0	0.0	0.0	0.0	0.0	0.0	0.0	0.0	0.0	0.0	0.0	0.0	0.0	0.0	0.0	0.0	0.0	0.0	7.0	0.0	0.0	7.0	0.0	4.0	0.0	0.0	0.0	0.0	0.0	0.0	0.0	0.0	0.0	0.0	0.0	0.0	0.0	0.0	0.0	0.0	0.0	0.0	0.0	0.0	0.0	0.0	0.0	0.0	0.0	0.0	0.0
k__Bacteria;p__Chloroflexi;c__Ktedonobacteria;o__JG30-KF-AS9	0.0	0.0	0.0	0.0	0.0	0.0	0.0	0.0	0.0	0.0	0.0	0.0	0.0	0.0	0.0	0.0	0.0	0.0	0.0	0.0	0.0	0.0	0.0	0.0	0.0	0.0	0.0	0.0	4.0	0.0	0.0	0.0	0.0	0.0	0.0	0.0	0.0	0.0	0.0	0.0	2.0	3.0	3.0	2.0	2.0	0.0	0.0	0.0	0.0	0.0	0.0	0.0	0.0	0.0	0.0	0.0	0.0	0.0	0.0	0.0	0.0	2.0	0.0	0.0	0.0	0.0	0.0	0.0	0.0	0.0	2.0	0.0
k__Bacteria;p__Chloroflexi;c__Ktedonobacteria;o__Ktedonobacterales	0.0	0.0	3.0	0.0	0.0	0.0	2.0	0.0	0.0	0.0	0.0	0.0	11.0	0.0	0.0	4.0	0.0	0.0	0.0	0.0	0.0	0.0	0.0	0.0	0.0	0.0	0.0	0.0	2.0	0.0	0.0	0.0	0.0	0.0	3.0	0.0	0.0	0.0	0.0	7.0	3.0	5.0	20.0	0.0	5.0	0.0	0.0	0.0	0.0	0.0	0.0	0.0	0.0	0.0	0.0	0.0	0.0	0.0	0.0	0.0	2.0	7.0	0.0	0.0	0.0	0.0	0.0	0.0	2.0	0.0	12.0	0.0
k__Bacteria;p__Chloroflexi;c__Ktedonobacteria;o__TK10	0.0	0.0	2.0	0.0	0.0	0.0	0.0	0.0	0.0	0.0	0.0	0.0	0.0	0.0	0.0	0.0	0.0	0.0	0.0	0.0	0.0	0.0	0.0	0.0	0.0	0.0	0.0	0.0	0.0	0.0	0.0	0.0	0.0	0.0	0.0	0.0	0.0	0.0	0.0	0.0	0.0	4.0	0.0	0.0	0.0	0.0	0.0	0.0	0.0	0.0	0.0	0.0	0.0	0.0	0.0	0.0	0.0	0.0	0.0	0.0	0.0	0.0	0.0	0.0	0.0	0.0	0.0	0.0	0.0	0.0	0.0	0.0
k__Bacteria;p__Chloroflexi;c__Ktedonobacteria;o__Thermogemmatisporales	0.0	0.0	0.0	16.0	6.0	4.0	0.0	0.0	2.0	0.0	0.0	0.0	231.0	0.0	2.0	3.0	0.0	3.0	0.0	2.0	0.0	2.0	0.0	5.0	0.0	0.0	0.0	0.0	4.0	0.0	6.0	0.0	0.0	3.0	0.0	11.0	5.0	0.0	0.0	5.0	2.0	6.0	9.0	0.0	3.0	0.0	0.0	0.0	0.0	0.0	0.0	3.0	0.0	0.0	0.0	0.0	0.0	0.0	0.0	0.0	0.0	6.0	0.0	0.0	0.0	0.0	0.0	0.0	0.0	3.0	4.0	3.0
k__Bacteria;p__Chloroflexi;c__S085;o__	0.0	0.0	0.0	0.0	0.0	0.0	0.0	0.0	0.0	8.0	0.0	0.0	0.0	0.0	0.0	0.0	0.0	0.0	0.0	0.0	0.0	0.0	0.0	0.0	0.0	0.0	0.0	0.0	0.0	0.0	0.0	0.0	0.0	0.0	0.0	0.0	0.0	0.0	0.0	0.0	0.0	0.0	0.0	0.0	0.0	0.0	0.0	0.0	0.0	0.0	0.0	0.0	0.0	0.0	0.0	0.0	0.0	0.0	0.0	0.0	0.0	0.0	0.0	0.0	0.0	0.0	0.0	0.0	0.0	0.0	0.0	0.0
k__Bacteria;p__Chloroflexi;c__TK10;o__	0.0	0.0	0.0	0.0	0.0	0.0	0.0	0.0	0.0	2.0	0.0	0.0	0.0	0.0	0.0	0.0	0.0	0.0	0.0	0.0	0.0	0.0	0.0	0.0	0.0	0.0	0.0	0.0	0.0	0.0	0.0	0.0	0.0	0.0	0.0	3.0	0.0	0.0	0.0	0.0	0.0	0.0	0.0	0.0	0.0	0.0	0.0	0.0	0.0	0.0	0.0	0.0	0.0	0.0	0.0	0.0	0.0	0.0	0.0	0.0	0.0	0.0	0.0	0.0	0.0	0.0	0.0	0.0	0.0	0.0	0.0	0.0
k__Bacteria;p__Chloroflexi;c__TK10;o__AKYG885	0.0	0.0	0.0	0.0	0.0	0.0	0.0	0.0	0.0	4.0	0.0	0.0	0.0	0.0	0.0	0.0	0.0	0.0	0.0	0.0	0.0	0.0	0.0	0.0	0.0	0.0	0.0	0.0	0.0	0.0	0.0	0.0	0.0	0.0	0.0	5.0	0.0	0.0	0.0	0.0	0.0	0.0	3.0	0.0	6.0	0.0	0.0	0.0	0.0	0.0	0.0	0.0	0.0	0.0	0.0	0.0	0.0	0.0	0.0	0.0	0.0	0.0	0.0	0.0	0.0	0.0	0.0	0.0	0.0	0.0	0.0	0.0
k__Bacteria;p__Chloroflexi;c__TK10;o__B07_WMSP1	0.0	0.0	0.0	0.0	0.0	4.0	0.0	0.0	0.0	0.0	0.0	0.0	0.0	0.0	0.0	0.0	0.0	0.0	0.0	0.0	0.0	0.0	0.0	0.0	0.0	0.0	0.0	0.0	2.0	0.0	7.0	0.0	2.0	0.0	0.0	0.0	0.0	3.0	0.0	2.0	3.0	11.0	17.0	0.0	3.0	0.0	0.0	0.0	0.0	0.0	0.0	0.0	0.0	0.0	0.0	0.0	0.0	0.0	0.0	0.0	0.0	3.0	0.0	0.0	0.0	0.0	0.0	0.0	0.0	5.0	0.0	0.0
k__Bacteria;p__Chloroflexi;c__Thermomicrobia;o__	0.0	0.0	0.0	0.0	0.0	0.0	0.0	0.0	2.0	0.0	0.0	15.0	9.0	0.0	16.0	18.0	0.0	0.0	0.0	8.0	0.0	15.0	0.0	4.0	0.0	0.0	0.0	0.0	0.0	0.0	0.0	0.0	0.0	7.0	2.0	0.0	0.0	9.0	0.0	3.0	3.0	0.0	3.0	25.0	0.0	0.0	0.0	0.0	0.0	0.0	5.0	0.0	0.0	0.0	0.0	0.0	2.0	2.0	0.0	15.0	5.0	3.0	0.0	0.0	0.0	0.0	0.0	0.0	0.0	20.0	12.0	7.0
k__Bacteria;p__Chloroflexi;c__Thermomicrobia;o__AKYG1722	0.0	0.0	0.0	0.0	0.0	0.0	0.0	0.0	0.0	0.0	0.0	0.0	0.0	0.0	0.0	0.0	0.0	0.0	0.0	0.0	0.0	0.0	0.0	0.0	0.0	0.0	0.0	0.0	0.0	0.0	0.0	0.0	0.0	0.0	0.0	0.0	0.0	0.0	0.0	0.0	0.0	0.0	3.0	0.0	0.0	0.0	0.0	0.0	0.0	0.0	0.0	0.0	0.0	0.0	0.0	0.0	0.0	0.0	0.0	0.0	0.0	0.0	0.0	0.0	0.0	0.0	0.0	0.0	0.0	0.0	0.0	0.0
k__Bacteria;p__Chloroflexi;c__Thermomicrobia;o__Ellin6537	0.0	0.0	0.0	0.0	0.0	0.0	0.0	0.0	0.0	0.0	0.0	0.0	0.0	0.0	0.0	0.0	0.0	0.0	0.0	0.0	0.0	0.0	0.0	0.0	0.0	0.0	0.0	0.0	0.0	0.0	0.0	0.0	0.0	0.0	0.0	0.0	0.0	0.0	0.0	0.0	3.0	2.0	5.0	0.0	0.0	0.0	0.0	0.0	0.0	0.0	0.0	0.0	0.0	0.0	0.0	0.0	0.0	0.0	0.0	0.0	0.0	0.0	0.0	0.0	0.0	0.0	0.0	0.0	0.0	0.0	0.0	0.0
k__Bacteria;p__Chloroflexi;c__Thermomicrobia;o__JG30-KF-CM45	0.0	0.0	4.0	27.0	4.0	0.0	0.0	10.0	10.0	92.0	0.0	57.0	37.0	2.0	6.0	28.0	12.0	6.0	15.0	8.0	12.0	14.0	10.0	0.0	2.0	13.0	10.0	8.0	2.0	0.0	11.0	12.0	0.0	64.0	25.0	22.0	5.0	2.0	0.0	25.0	18.0	2.0	8.0	22.0	23.0	0.0	70.0	9.0	15.0	15.0	26.0	8.0	0.0	50.0	71.0	19.0	28.0	9.0	0.0	49.0	3.0	21.0	0.0	0.0	2.0	9.0	4.0	70.0	37.0	62.0	15.0	35.0
k__Bacteria;p__Chloroflexi;c__Thermomicrobia;o__Sphaerobacterales	0.0	0.0	0.0	0.0	0.0	0.0	0.0	0.0	0.0	14.0	0.0	0.0	0.0	0.0	0.0	3.0	0.0	0.0	0.0	0.0	0.0	0.0	0.0	0.0	0.0	0.0	0.0	0.0	0.0	0.0	0.0	0.0	0.0	0.0	0.0	0.0	0.0	0.0	0.0	0.0	0.0	0.0	0.0	0.0	2.0	0.0	2.0	0.0	0.0	0.0	5.0	0.0	0.0	0.0	0.0	0.0	0.0	0.0	0.0	0.0	0.0	0.0	0.0	0.0	0.0	0.0	0.0	0.0	0.0	0.0	0.0	0.0
k__Bacteria;p__Cyanobacteria;c__;o__	0.0	0.0	0.0	12.0	0.0	0.0	0.0	0.0	5.0	0.0	0.0	0.0	2.0	0.0	0.0	0.0	0.0	0.0	0.0	0.0	0.0	4.0	0.0	0.0	0.0	0.0	0.0	0.0	0.0	0.0	0.0	3.0	0.0	2.0	0.0	0.0	0.0	0.0	0.0	0.0	0.0	0.0	2.0	0.0	0.0	0.0	0.0	0.0	0.0	0.0	0.0	0.0	0.0	0.0	0.0	0.0	0.0	0.0	0.0	0.0	0.0	0.0	0.0	0.0	0.0	0.0	4.0	0.0	3.0	0.0	0.0	12.0
k__Bacteria;p__Cyanobacteria;c__4C0d-2;o__SM1D11	0.0	0.0	0.0	0.0	0.0	0.0	0.0	0.0	0.0	0.0	0.0	0.0	0.0	0.0	0.0	0.0	0.0	0.0	0.0	0.0	0.0	0.0	0.0	0.0	0.0	0.0	0.0	0.0	0.0	0.0	0.0	0.0	0.0	0.0	0.0	0.0	0.0	0.0	2.0	0.0	0.0	0.0	0.0	0.0	0.0	0.0	0.0	0.0	0.0	0.0	0.0	0.0	0.0	0.0	0.0	0.0	0.0	0.0	0.0	0.0	0.0	0.0	0.0	0.0	0.0	0.0	0.0	0.0	0.0	0.0	0.0	0.0
k__Bacteria;p__Cyanobacteria;c__4C0d-2;o__YS2	0.0	0.0	0.0	0.0	0.0	0.0	0.0	0.0	0.0	0.0	0.0	0.0	0.0	0.0	0.0	0.0	0.0	0.0	0.0	0.0	3.0	0.0	0.0	0.0	0.0	0.0	0.0	0.0	0.0	0.0	0.0	0.0	0.0	0.0	0.0	0.0	2.0	0.0	0.0	0.0	0.0	0.0	0.0	0.0	0.0	0.0	0.0	0.0	0.0	0.0	0.0	0.0	0.0	0.0	0.0	0.0	0.0	0.0	0.0	0.0	0.0	0.0	0.0	0.0	0.0	0.0	0.0	0.0	0.0	0.0	0.0	0.0
k__Bacteria;p__Cyanobacteria;c__Chloroplast;o__	0.0	0.0	0.0	0.0	0.0	0.0	0.0	0.0	0.0	0.0	0.0	0.0	0.0	0.0	0.0	3.0	0.0	0.0	0.0	0.0	0.0	0.0	0.0	0.0	0.0	0.0	0.0	0.0	0.0	0.0	0.0	0.0	0.0	0.0	0.0	0.0	2.0	0.0	0.0	0.0	0.0	0.0	0.0	3.0	0.0	0.0	0.0	0.0	0.0	9.0	0.0	0.0	0.0	0.0	0.0	2.0	0.0	0.0	0.0	0.0	0.0	0.0	0.0	0.0	10.0	0.0	2.0	0.0	2.0	0.0	0.0	0.0
k__Bacteria;p__Cyanobacteria;c__Chloroplast;o__Chlorophyta	19.0	7.0	106.0	42.0	39.0	38.0	52.0	0.0	26.0	0.0	0.0	59.0	78.0	10.0	109.0	257.0	8.0	45.0	44.0	47.0	30.0	162.0	44.0	23.0	2.0	35.0	30.0	0.0	11.0	0.0	15.0	42.0	3.0	110.0	74.0	254.0	45.0	10.0	7.0	25.0	0.0	28.0	116.0	120.0	75.0	0.0	39.0	116.0	38.0	186.0	68.0	45.0	0.0	152.0	3.0	176.0	52.0	113.0	0.0	70.0	46.0	103.0	0.0	0.0	131.0	73.0	132.0	0.0	127.0	97.0	83.0	82.0
k__Bacteria;p__Cyanobacteria;c__Chloroplast;o__Stramenopiles	0.0	2.0	6.0	32.0	0.0	3.0	0.0	0.0	5.0	0.0	0.0	0.0	0.0	0.0	0.0	5.0	0.0	0.0	0.0	4.0	5.0	3.0	0.0	0.0	0.0	0.0	0.0	0.0	0.0	0.0	0.0	2.0	0.0	4.0	5.0	2.0	2.0	3.0	0.0	0.0	0.0	0.0	3.0	6.0	3.0	0.0	0.0	0.0	0.0	6.0	0.0	12.0	0.0	0.0	0.0	2.0	0.0	0.0	0.0	0.0	0.0	4.0	0.0	0.0	0.0	0.0	0.0	0.0	7.0	0.0	0.0	2.0
k__Bacteria;p__Cyanobacteria;c__Chloroplast;o__Streptophyta	245.0	86.0	2528.0	1568.0	872.0	2845.0	519.0	37.0	236.0	40.0	156.0	2525.0	808.0	99.0	309.0	939.0	1731.0	1159.0	730.0	478.0	773.0	984.0	677.0	560.0	297.0	1251.0	576.0	276.0	1005.0	2.0	278.0	229.0	137.0	2430.0	1120.0	2053.0	2582.0	382.0	587.0	418.0	593.0	521.0	2351.0	2208.0	2054.0	0.0	1101.0	5394.0	486.0	2610.0	1632.0	6033.0	7406.0	1601.0	100.0	2227.0	2033.0	1480.0	0.0	2746.0	1198.0	3228.0	0.0	0.0	1965.0	1342.0	1432.0	81.0	968.0	997.0	1735.0	1688.0
k__Bacteria;p__Cyanobacteria;c__ML635J-21;o__	0.0	0.0	0.0	0.0	0.0	2.0	0.0	0.0	0.0	0.0	0.0	0.0	0.0	0.0	0.0	3.0	0.0	0.0	0.0	0.0	4.0	0.0	0.0	0.0	0.0	0.0	16.0	13.0	0.0	0.0	0.0	0.0	0.0	0.0	0.0	0.0	2.0	0.0	0.0	2.0	0.0	4.0	13.0	2.0	0.0	0.0	0.0	0.0	0.0	0.0	0.0	0.0	0.0	0.0	0.0	0.0	0.0	0.0	0.0	2.0	0.0	0.0	0.0	0.0	0.0	0.0	0.0	0.0	0.0	4.0	3.0	7.0
k__Bacteria;p__Cyanobacteria;c__Nostocophycideae;o__Nostocales	0.0	136.0	39.0	279.0	104.0	85.0	90.0	11.0	93.0	5.0	0.0	836.0	723.0	41.0	451.0	232.0	31.0	43.0	15.0	114.0	27.0	960.0	111.0	25.0	30.0	223.0	127.0	5.0	35.0	0.0	41.0	181.0	187.0	790.0	475.0	192.0	228.0	34.0	38.0	32.0	34.0	18.0	104.0	525.0	89.0	17.0	438.0	210.0	266.0	580.0	224.0	0.0	2.0	277.0	284.0	431.0	188.0	285.0	0.0	433.0	197.0	226.0	0.0	0.0	430.0	180.0	362.0	350.0	302.0	375.0	100.0	368.0
k__Bacteria;p__Cyanobacteria;c__Nostocophycideae;o__Stigonematales	9.0	18.0	16.0	80.0	29.0	44.0	29.0	2.0	45.0	0.0	0.0	176.0	155.0	2.0	88.0	43.0	17.0	24.0	12.0	62.0	18.0	362.0	70.0	13.0	14.0	66.0	35.0	9.0	23.0	0.0	18.0	42.0	30.0	339.0	105.0	47.0	39.0	15.0	22.0	18.0	18.0	13.0	51.0	121.0	25.0	16.0	371.0	285.0	248.0	597.0	235.0	33.0	0.0	321.0	90.0	416.0	203.0	412.0	0.0	194.0	88.0	93.0	0.0	0.0	441.0	163.0	442.0	119.0	99.0	95.0	49.0	122.0
k__Bacteria;p__Cyanobacteria;c__Oscillatoriophycideae;o__Chroococcales	55.0	36.0	91.0	93.0	60.0	154.0	121.0	2.0	122.0	0.0	0.0	1055.0	782.0	49.0	249.0	97.0	40.0	128.0	68.0	202.0	75.0	1316.0	199.0	53.0	13.0	222.0	73.0	22.0	43.0	0.0	40.0	109.0	9.0	584.0	230.0	202.0	141.0	36.0	35.0	48.0	47.0	18.0	161.0	475.0	44.0	22.0	389.0	538.0	343.0	975.0	407.0	23.0	0.0	424.0	198.0	728.0	324.0	509.0	0.0	436.0	236.0	306.0	0.0	0.0	844.0	442.0	707.0	194.0	299.0	303.0	143.0	368.0
k__Bacteria;p__Cyanobacteria;c__Oscillatoriophycideae;o__Oscillatoriales	0.0	7.0	15.0	282.0	69.0	40.0	34.0	0.0	15.0	0.0	0.0	9.0	350.0	0.0	7.0	22.0	0.0	4.0	0.0	20.0	9.0	115.0	13.0	5.0	0.0	25.0	28.0	0.0	0.0	0.0	0.0	46.0	25.0	80.0	59.0	15.0	22.0	3.0	6.0	0.0	6.0	0.0	3.0	67.0	4.0	0.0	45.0	22.0	81.0	27.0	0.0	8.0	0.0	81.0	440.0	38.0	16.0	15.0	0.0	79.0	14.0	4.0	0.0	0.0	16.0	0.0	17.0	11.0	29.0	43.0	6.0	36.0
k__Bacteria;p__Cyanobacteria;c__Synechococcophycideae;o__Pseudanabaenales	0.0	24.0	0.0	91.0	9.0	5.0	3.0	2.0	15.0	0.0	0.0	86.0	46.0	0.0	107.0	119.0	110.0	9.0	10.0	17.0	3.0	183.0	14.0	3.0	2.0	59.0	43.0	0.0	0.0	0.0	2.0	45.0	49.0	151.0	200.0	45.0	7.0	0.0	0.0	23.0	11.0	3.0	17.0	73.0	10.0	0.0	21.0	76.0	10.0	34.0	10.0	0.0	0.0	17.0	4.0	15.0	44.0	79.0	0.0	133.0	78.0	124.0	0.0	0.0	28.0	15.0	19.0	0.0	75.0	43.0	13.0	172.0
k__Bacteria;p__Cyanobacteria;c__Synechococcophycideae;o__Synechococcales	0.0	0.0	0.0	0.0	0.0	0.0	0.0	0.0	0.0	0.0	0.0	0.0	6.0	0.0	0.0	0.0	0.0	0.0	0.0	0.0	0.0	0.0	0.0	0.0	0.0	0.0	0.0	0.0	0.0	0.0	0.0	0.0	0.0	3.0	3.0	0.0	0.0	0.0	0.0	0.0	0.0	0.0	0.0	0.0	0.0	0.0	0.0	0.0	0.0	0.0	0.0	0.0	0.0	0.0	0.0	0.0	0.0	0.0	0.0	0.0	0.0	0.0	0.0	0.0	0.0	0.0	2.0	0.0	0.0	0.0	0.0	0.0
k__Bacteria;p__Elusimicrobia;c__Elusimicrobia;o__FAC88	0.0	0.0	0.0	0.0	0.0	2.0	0.0	0.0	0.0	0.0	0.0	0.0	0.0	0.0	0.0	0.0	0.0	0.0	0.0	0.0	2.0	0.0	0.0	0.0	0.0	0.0	0.0	0.0	0.0	0.0	0.0	0.0	0.0	0.0	0.0	0.0	0.0	0.0	0.0	0.0	0.0	0.0	3.0	0.0	0.0	0.0	0.0	0.0	0.0	0.0	0.0	0.0	0.0	0.0	0.0	0.0	0.0	0.0	0.0	0.0	0.0	0.0	0.0	0.0	0.0	0.0	0.0	0.0	0.0	0.0	0.0	0.0
k__Bacteria;p__Elusimicrobia;c__Endomicrobia;o__	0.0	0.0	0.0	0.0	0.0	0.0	0.0	0.0	0.0	0.0	0.0	0.0	0.0	0.0	0.0	0.0	0.0	0.0	0.0	0.0	0.0	0.0	0.0	0.0	0.0	0.0	3.0	0.0	0.0	0.0	0.0	0.0	0.0	0.0	0.0	0.0	0.0	0.0	0.0	0.0	0.0	0.0	0.0	0.0	0.0	0.0	0.0	0.0	0.0	0.0	0.0	0.0	0.0	0.0	0.0	0.0	0.0	0.0	0.0	0.0	0.0	0.0	0.0	0.0	0.0	0.0	0.0	0.0	0.0	0.0	0.0	0.0
k__Bacteria;p__FBP;c__;o__	0.0	2.0	0.0	21.0	14.0	7.0	9.0	0.0	18.0	0.0	0.0	51.0	8.0	6.0	26.0	43.0	2.0	10.0	15.0	16.0	4.0	31.0	15.0	2.0	7.0	9.0	6.0	3.0	5.0	0.0	3.0	3.0	4.0	34.0	10.0	19.0	14.0	4.0	5.0	10.0	4.0	5.0	32.0	20.0	5.0	0.0	25.0	21.0	23.0	60.0	34.0	4.0	0.0	23.0	20.0	52.0	10.0	27.0	0.0	20.0	16.0	25.0	0.0	0.0	49.0	17.0	13.0	4.0	24.0	14.0	12.0	14.0
k__Bacteria;p__Fibrobacteres;c__;o__	0.0	0.0	0.0	0.0	0.0	0.0	0.0	0.0	0.0	0.0	0.0	0.0	0.0	0.0	0.0	0.0	0.0	0.0	0.0	0.0	0.0	0.0	0.0	0.0	0.0	0.0	0.0	0.0	0.0	0.0	0.0	0.0	0.0	0.0	0.0	0.0	0.0	0.0	0.0	0.0	0.0	0.0	0.0	0.0	0.0	0.0	0.0	0.0	0.0	0.0	0.0	3.0	0.0	0.0	0.0	0.0	0.0	0.0	0.0	0.0	0.0	0.0	0.0	0.0	0.0	0.0	0.0	0.0	0.0	0.0	0.0	0.0
k__Bacteria;p__Fibrobacteres;c__Fibrobacteria;o__258ds10	0.0	0.0	0.0	0.0	0.0	0.0	0.0	0.0	0.0	0.0	0.0	0.0	0.0	0.0	0.0	0.0	0.0	0.0	0.0	0.0	0.0	0.0	0.0	0.0	0.0	0.0	0.0	0.0	0.0	0.0	0.0	0.0	0.0	0.0	0.0	0.0	0.0	0.0	0.0	3.0	0.0	0.0	0.0	0.0	0.0	0.0	0.0	0.0	0.0	0.0	0.0	0.0	0.0	0.0	0.0	0.0	0.0	0.0	0.0	0.0	0.0	0.0	0.0	0.0	0.0	0.0	0.0	0.0	0.0	0.0	2.0	0.0
k__Bacteria;p__Fibrobacteres;c__Fibrobacteria;o__Fibrobacterales	0.0	0.0	0.0	0.0	0.0	0.0	0.0	0.0	0.0	0.0	0.0	0.0	0.0	0.0	0.0	0.0	0.0	0.0	0.0	0.0	0.0	0.0	0.0	0.0	0.0	0.0	2.0	0.0	0.0	0.0	0.0	0.0	0.0	0.0	0.0	0.0	0.0	0.0	0.0	0.0	0.0	0.0	0.0	0.0	0.0	0.0	0.0	0.0	0.0	0.0	0.0	0.0	0.0	0.0	0.0	0.0	0.0	0.0	0.0	0.0	0.0	0.0	0.0	0.0	0.0	0.0	0.0	0.0	0.0	0.0	0.0	0.0
k__Bacteria;p__Fibrobacteres;c__TG3;o__TG3-1	0.0	0.0	0.0	0.0	0.0	0.0	0.0	0.0	0.0	2.0	0.0	0.0	0.0	0.0	0.0	0.0	0.0	0.0	0.0	0.0	0.0	0.0	0.0	0.0	0.0	0.0	0.0	0.0	0.0	0.0	0.0	0.0	0.0	0.0	0.0	2.0	0.0	0.0	0.0	0.0	0.0	0.0	0.0	0.0	0.0	0.0	0.0	0.0	0.0	0.0	0.0	0.0	0.0	0.0	0.0	0.0	0.0	0.0	0.0	0.0	0.0	0.0	0.0	0.0	0.0	0.0	0.0	0.0	0.0	0.0	3.0	0.0
k__Bacteria;p__Fibrobacteres;c__TG3;o__TG3-2	0.0	0.0	0.0	0.0	0.0	0.0	0.0	0.0	0.0	0.0	0.0	0.0	0.0	0.0	0.0	0.0	3.0	0.0	0.0	0.0	0.0	0.0	0.0	0.0	0.0	0.0	0.0	0.0	0.0	0.0	0.0	0.0	0.0	0.0	0.0	0.0	0.0	0.0	0.0	0.0	0.0	0.0	0.0	0.0	0.0	0.0	0.0	0.0	0.0	0.0	0.0	0.0	0.0	0.0	0.0	0.0	0.0	0.0	0.0	0.0	0.0	0.0	0.0	0.0	0.0	0.0	0.0	0.0	0.0	0.0	0.0	0.0
k__Bacteria;p__Firmicutes;c__Bacilli;o__Bacillales	392.0	1066.0	1911.0	726.0	615.0	507.0	1633.0	3148.0	957.0	171.0	8.0	836.0	620.0	3833.0	371.0	1465.0	189.0	2676.0	933.0	351.0	1370.0	402.0	1058.0	2252.0	185.0	1189.0	157.0	76.0	643.0	0.0	199.0	483.0	165.0	164.0	764.0	867.0	2851.0	1124.0	469.0	764.0	1108.0	1311.0	823.0	393.0	3158.0	12.0	530.0	1883.0	755.0	3106.0	2090.0	777.0	2451.0	3721.0	97.0	3149.0	926.0	5839.0	7.0	357.0	283.0	383.0	8.0	9.0	2623.0	7885.0	1965.0	70.0	738.0	522.0	2189.0	677.0
k__Bacteria;p__Firmicutes;c__Bacilli;o__Gemellales	0.0	0.0	20.0	0.0	5.0	2.0	17.0	2.0	3.0	0.0	0.0	4.0	2.0	0.0	0.0	8.0	0.0	0.0	0.0	0.0	12.0	4.0	28.0	0.0	0.0	49.0	12.0	0.0	8.0	0.0	0.0	0.0	2.0	3.0	0.0	3.0	6.0	0.0	4.0	2.0	7.0	0.0	0.0	0.0	0.0	0.0	5.0	7.0	0.0	18.0	22.0	0.0	0.0	15.0	0.0	73.0	8.0	5.0	0.0	2.0	9.0	0.0	0.0	0.0	8.0	8.0	9.0	0.0	28.0	15.0	0.0	6.0
k__Bacteria;p__Firmicutes;c__Bacilli;o__Haloplasmatales	0.0	0.0	0.0	0.0	2.0	0.0	0.0	0.0	0.0	4.0	0.0	0.0	0.0	0.0	0.0	4.0	0.0	0.0	0.0	0.0	0.0	0.0	0.0	0.0	0.0	0.0	0.0	0.0	0.0	0.0	0.0	0.0	0.0	0.0	0.0	0.0	0.0	0.0	0.0	0.0	0.0	0.0	0.0	0.0	0.0	0.0	0.0	0.0	0.0	0.0	0.0	0.0	0.0	0.0	0.0	0.0	0.0	0.0	0.0	0.0	0.0	0.0	0.0	0.0	0.0	0.0	0.0	0.0	0.0	0.0	0.0	0.0
k__Bacteria;p__Firmicutes;c__Bacilli;o__Lactobacillales	46.0	150.0	523.0	530.0	115.0	328.0	778.0	344.0	213.0	17.0	0.0	933.0	495.0	897.0	29.0	65.0	8171.0	43.0	93.0	298.0	579.0	209.0	1139.0	219.0	240.0	1994.0	2802.0	57.0	205.0	0.0	53.0	247.0	6064.0	201.0	146.0	222.0	1119.0	104.0	89.0	107.0	220.0	34.0	80.0	334.0	155.0	9.0	662.0	1058.0	570.0	932.0	3429.0	432.0	299.0	1204.0	367.0	1600.0	721.0	1724.0	0.0	159.0	122.0	112.0	0.0	0.0	1022.0	548.0	640.0	385.0	308.0	272.0	103.0	164.0
k__Bacteria;p__Firmicutes;c__Bacilli;o__Turicibacterales	14.0	9.0	17.0	0.0	16.0	0.0	27.0	0.0	8.0	0.0	0.0	9.0	0.0	0.0	6.0	21.0	66.0	41.0	0.0	6.0	28.0	7.0	0.0	7.0	0.0	8.0	8.0	6.0	22.0	0.0	4.0	3.0	0.0	0.0	6.0	6.0	3.0	17.0	10.0	10.0	8.0	13.0	0.0	11.0	12.0	0.0	0.0	0.0	0.0	0.0	4.0	0.0	0.0	0.0	0.0	0.0	0.0	0.0	0.0	0.0	0.0	8.0	0.0	0.0	0.0	0.0	4.0	0.0	18.0	9.0	60.0	22.0
k__Bacteria;p__Firmicutes;c__Clostridia;o__	0.0	0.0	0.0	0.0	0.0	0.0	0.0	0.0	0.0	0.0	0.0	0.0	0.0	0.0	0.0	2.0	0.0	0.0	0.0	0.0	0.0	0.0	0.0	0.0	0.0	0.0	0.0	0.0	0.0	0.0	0.0	0.0	0.0	0.0	0.0	0.0	0.0	0.0	2.0	3.0	3.0	2.0	0.0	0.0	0.0	0.0	0.0	0.0	0.0	0.0	0.0	0.0	0.0	0.0	0.0	0.0	0.0	0.0	0.0	0.0	0.0	6.0	0.0	0.0	0.0	0.0	0.0	0.0	0.0	0.0	12.0	0.0
k__Bacteria;p__Firmicutes;c__Clostridia;o__Clostridiales	113.0	102.0	245.0	115.0	168.0	132.0	415.0	150.0	194.0	96.0	2.0	116.0	141.0	28.0	13.0	181.0	1237.0	106.0	77.0	101.0	263.0	138.0	365.0	84.0	12.0	947.0	205.0	5509.0	109.0	0.0	15.0	42.0	3354.0	324.0	95.0	99.0	113.0	68.0	66.0	128.0	125.0	101.0	252.0	118.0	84.0	0.0	135.0	87.0	66.0	176.0	226.0	49.0	14.0	140.0	32.0	300.0	77.0	214.0	0.0	114.0	45.0	134.0	0.0	0.0	233.0	62.0	95.0	48.0	387.0	405.0	1479.0	205.0
k__Bacteria;p__Firmicutes;c__Clostridia;o__MBA08	0.0	0.0	0.0	0.0	0.0	0.0	0.0	0.0	0.0	0.0	0.0	0.0	0.0	0.0	0.0	0.0	0.0	0.0	3.0	0.0	0.0	0.0	0.0	0.0	0.0	0.0	0.0	0.0	0.0	0.0	0.0	0.0	0.0	0.0	0.0	0.0	0.0	0.0	0.0	0.0	0.0	0.0	0.0	0.0	0.0	0.0	0.0	0.0	0.0	0.0	0.0	0.0	0.0	0.0	0.0	0.0	0.0	0.0	0.0	0.0	0.0	0.0	0.0	0.0	0.0	0.0	0.0	0.0	0.0	0.0	0.0	0.0
k__Bacteria;p__Firmicutes;c__Clostridia;o__Natranaerobiales	0.0	0.0	0.0	0.0	0.0	0.0	0.0	0.0	0.0	0.0	0.0	0.0	0.0	3.0	0.0	0.0	0.0	0.0	0.0	0.0	0.0	0.0	0.0	0.0	0.0	0.0	0.0	0.0	0.0	0.0	0.0	0.0	0.0	0.0	0.0	0.0	0.0	0.0	0.0	0.0	0.0	0.0	0.0	0.0	0.0	0.0	0.0	0.0	0.0	0.0	0.0	0.0	0.0	0.0	0.0	0.0	0.0	0.0	0.0	0.0	0.0	0.0	0.0	0.0	0.0	0.0	0.0	0.0	0.0	0.0	0.0	0.0
k__Bacteria;p__Firmicutes;c__Clostridia;o__OPB54	0.0	0.0	17.0	5.0	5.0	2.0	5.0	0.0	3.0	46.0	0.0	0.0	3.0	0.0	6.0	34.0	0.0	22.0	50.0	7.0	8.0	2.0	5.0	7.0	0.0	0.0	0.0	0.0	3.0	0.0	2.0	0.0	0.0	7.0	0.0	0.0	2.0	9.0	2.0	0.0	24.0	5.0	7.0	2.0	14.0	0.0	0.0	0.0	0.0	0.0	0.0	3.0	0.0	0.0	0.0	4.0	0.0	0.0	0.0	12.0	0.0	0.0	0.0	0.0	0.0	0.0	0.0	0.0	0.0	7.0	66.0	12.0
k__Bacteria;p__Firmicutes;c__Clostridia;o__SHA-98	0.0	0.0	0.0	0.0	0.0	0.0	0.0	0.0	0.0	6.0	0.0	0.0	0.0	0.0	0.0	8.0	0.0	0.0	0.0	0.0	0.0	0.0	0.0	0.0	0.0	0.0	0.0	0.0	0.0	0.0	2.0	0.0	0.0	3.0	2.0	0.0	0.0	0.0	0.0	0.0	0.0	2.0	2.0	0.0	0.0	0.0	0.0	0.0	0.0	0.0	0.0	0.0	0.0	0.0	0.0	0.0	0.0	0.0	0.0	0.0	0.0	0.0	0.0	0.0	0.0	0.0	0.0	0.0	0.0	0.0	0.0	0.0
k__Bacteria;p__Firmicutes;c__Clostridia;o__Thermoanaerobacterales	0.0	0.0	8.0	0.0	3.0	0.0	0.0	0.0	0.0	8.0	0.0	0.0	0.0	0.0	0.0	0.0	0.0	8.0	15.0	0.0	3.0	0.0	0.0	0.0	0.0	0.0	0.0	0.0	0.0	0.0	0.0	0.0	0.0	0.0	0.0	2.0	0.0	0.0	0.0	0.0	0.0	4.0	8.0	0.0	0.0	0.0	0.0	0.0	0.0	0.0	0.0	9.0	0.0	0.0	0.0	0.0	0.0	0.0	0.0	3.0	0.0	0.0	0.0	0.0	0.0	0.0	0.0	0.0	4.0	0.0	10.0	0.0
k__Bacteria;p__Firmicutes;c__Erysipelotrichi;o__Erysipelotrichales	0.0	0.0	5.0	0.0	4.0	0.0	3.0	0.0	2.0	151.0	0.0	4.0	0.0	0.0	0.0	0.0	12.0	0.0	0.0	0.0	7.0	2.0	2.0	0.0	0.0	12.0	10.0	9.0	0.0	0.0	0.0	0.0	6.0	2.0	0.0	0.0	0.0	0.0	0.0	0.0	0.0	0.0	0.0	0.0	0.0	0.0	0.0	0.0	0.0	18.0	0.0	10.0	0.0	15.0	5.0	17.0	6.0	53.0	0.0	0.0	0.0	0.0	0.0	0.0	21.0	0.0	0.0	17.0	0.0	0.0	4.0	0.0
k__Bacteria;p__Firmicutes;c__OPB54;o__	0.0	0.0	0.0	0.0	0.0	0.0	0.0	0.0	0.0	0.0	0.0	0.0	0.0	0.0	0.0	3.0	0.0	0.0	0.0	0.0	0.0	0.0	0.0	0.0	0.0	0.0	0.0	0.0	0.0	0.0	0.0	0.0	0.0	0.0	0.0	0.0	0.0	0.0	0.0	0.0	0.0	0.0	0.0	0.0	0.0	0.0	0.0	0.0	0.0	0.0	0.0	0.0	0.0	0.0	0.0	0.0	0.0	0.0	0.0	0.0	0.0	0.0	0.0	0.0	0.0	0.0	0.0	0.0	0.0	0.0	0.0	0.0
k__Bacteria;p__Fusobacteria;c__Fusobacteriia;o__Fusobacteriales	0.0	0.0	6.0	0.0	0.0	0.0	16.0	0.0	0.0	2.0	0.0	0.0	0.0	0.0	0.0	0.0	0.0	0.0	0.0	0.0	8.0	11.0	37.0	0.0	3.0	43.0	2.0	0.0	4.0	0.0	0.0	0.0	0.0	0.0	0.0	6.0	25.0	0.0	0.0	0.0	7.0	0.0	0.0	0.0	0.0	0.0	48.0	2.0	15.0	14.0	12.0	0.0	52.0	0.0	0.0	29.0	5.0	23.0	0.0	0.0	0.0	3.0	0.0	0.0	41.0	4.0	0.0	0.0	6.0	0.0	3.0	3.0
k__Bacteria;p__Gemmatimonadetes;c__Gemm-1;o__	0.0	0.0	6.0	8.0	0.0	0.0	0.0	0.0	0.0	24.0	0.0	3.0	2.0	0.0	0.0	0.0	0.0	0.0	0.0	0.0	4.0	0.0	3.0	0.0	0.0	0.0	0.0	6.0	0.0	0.0	0.0	0.0	0.0	0.0	7.0	7.0	0.0	0.0	0.0	0.0	0.0	5.0	0.0	0.0	5.0	0.0	0.0	0.0	0.0	0.0	0.0	11.0	6.0	0.0	0.0	3.0	0.0	0.0	0.0	0.0	0.0	0.0	0.0	0.0	0.0	0.0	0.0	0.0	8.0	2.0	0.0	4.0
k__Bacteria;p__Gemmatimonadetes;c__Gemm-3;o__	0.0	0.0	4.0	4.0	2.0	7.0	0.0	0.0	0.0	11.0	0.0	3.0	10.0	0.0	9.0	53.0	0.0	3.0	4.0	0.0	7.0	2.0	0.0	3.0	0.0	0.0	4.0	0.0	0.0	0.0	0.0	0.0	0.0	0.0	0.0	4.0	0.0	2.0	0.0	3.0	0.0	0.0	11.0	7.0	5.0	0.0	0.0	0.0	2.0	0.0	5.0	5.0	0.0	0.0	0.0	0.0	2.0	0.0	0.0	3.0	3.0	5.0	0.0	0.0	0.0	4.0	0.0	0.0	0.0	10.0	0.0	2.0
k__Bacteria;p__Gemmatimonadetes;c__Gemm-5;o__	13.0	0.0	0.0	0.0	2.0	0.0	0.0	0.0	0.0	0.0	0.0	0.0	0.0	0.0	0.0	0.0	0.0	0.0	0.0	0.0	0.0	0.0	2.0	0.0	2.0	0.0	0.0	0.0	0.0	0.0	0.0	0.0	0.0	2.0	3.0	0.0	0.0	0.0	0.0	0.0	0.0	2.0	0.0	0.0	0.0	0.0	0.0	0.0	0.0	0.0	0.0	0.0	0.0	0.0	0.0	0.0	0.0	0.0	0.0	0.0	0.0	0.0	0.0	0.0	0.0	0.0	0.0	0.0	0.0	3.0	0.0	3.0
k__Bacteria;p__Gemmatimonadetes;c__Gemmatimonadetes;o__	0.0	0.0	0.0	17.0	9.0	8.0	0.0	0.0	0.0	6.0	0.0	0.0	12.0	0.0	0.0	7.0	0.0	0.0	0.0	2.0	8.0	42.0	3.0	9.0	0.0	0.0	0.0	6.0	9.0	0.0	6.0	0.0	0.0	0.0	7.0	7.0	2.0	7.0	0.0	0.0	6.0	20.0	11.0	0.0	0.0	0.0	0.0	0.0	0.0	3.0	0.0	0.0	0.0	0.0	0.0	0.0	3.0	0.0	0.0	7.0	0.0	0.0	0.0	0.0	0.0	2.0	0.0	0.0	10.0	6.0	0.0	7.0
k__Bacteria;p__Gemmatimonadetes;c__Gemmatimonadetes;o__Ellin5290	0.0	0.0	2.0	4.0	0.0	2.0	2.0	0.0	0.0	32.0	0.0	0.0	0.0	0.0	4.0	2.0	0.0	0.0	0.0	0.0	0.0	5.0	0.0	0.0	0.0	0.0	0.0	0.0	0.0	0.0	0.0	0.0	0.0	0.0	0.0	2.0	0.0	0.0	0.0	0.0	0.0	0.0	0.0	0.0	0.0	0.0	0.0	0.0	0.0	0.0	0.0	0.0	0.0	0.0	0.0	0.0	0.0	0.0	0.0	2.0	0.0	2.0	0.0	0.0	0.0	0.0	0.0	0.0	2.0	0.0	0.0	6.0
k__Bacteria;p__Gemmatimonadetes;c__Gemmatimonadetes;o__Gemmatimonadales	17.0	30.0	55.0	107.0	81.0	36.0	68.0	3.0	150.0	17.0	0.0	289.0	464.0	6.0	183.0	130.0	75.0	112.0	65.0	130.0	49.0	490.0	176.0	77.0	9.0	70.0	44.0	4.0	60.0	0.0	21.0	83.0	17.0	232.0	151.0	93.0	65.0	302.0	39.0	52.0	85.0	47.0	130.0	519.0	101.0	0.0	68.0	114.0	80.0	175.0	103.0	0.0	0.0	120.0	19.0	116.0	69.0	119.0	0.0	234.0	164.0	204.0	0.0	0.0	194.0	79.0	116.0	18.0	191.0	230.0	196.0	210.0
k__Bacteria;p__Gemmatimonadetes;c__Gemmatimonadetes;o__KD8-87	0.0	0.0	0.0	0.0	0.0	0.0	0.0	0.0	0.0	0.0	0.0	0.0	0.0	0.0	2.0	0.0	0.0	0.0	0.0	0.0	0.0	0.0	0.0	0.0	0.0	0.0	0.0	0.0	0.0	0.0	0.0	0.0	0.0	0.0	0.0	0.0	0.0	0.0	0.0	0.0	0.0	0.0	3.0	0.0	0.0	0.0	0.0	0.0	0.0	0.0	0.0	0.0	0.0	0.0	0.0	0.0	0.0	0.0	0.0	0.0	0.0	0.0	0.0	0.0	0.0	0.0	0.0	0.0	0.0	0.0	0.0	0.0
k__Bacteria;p__Gemmatimonadetes;c__Gemmatimonadetes;o__N1423WL	0.0	0.0	0.0	0.0	0.0	0.0	0.0	0.0	0.0	0.0	0.0	0.0	0.0	0.0	0.0	0.0	0.0	0.0	0.0	0.0	0.0	0.0	0.0	0.0	0.0	0.0	0.0	0.0	0.0	0.0	0.0	0.0	0.0	0.0	0.0	0.0	0.0	0.0	0.0	0.0	0.0	0.0	0.0	0.0	0.0	0.0	0.0	0.0	0.0	0.0	0.0	22.0	0.0	0.0	0.0	0.0	0.0	0.0	0.0	0.0	0.0	0.0	0.0	0.0	0.0	0.0	0.0	0.0	0.0	0.0	0.0	2.0
k__Bacteria;p__Lentisphaerae;c__;o__	0.0	0.0	0.0	0.0	0.0	0.0	0.0	0.0	0.0	0.0	0.0	0.0	0.0	0.0	0.0	0.0	0.0	0.0	0.0	0.0	0.0	0.0	0.0	0.0	0.0	0.0	0.0	0.0	0.0	0.0	0.0	0.0	0.0	0.0	0.0	0.0	0.0	0.0	0.0	0.0	0.0	0.0	0.0	0.0	0.0	0.0	0.0	0.0	0.0	0.0	0.0	0.0	0.0	0.0	0.0	0.0	0.0	0.0	0.0	0.0	0.0	0.0	0.0	0.0	0.0	0.0	0.0	0.0	0.0	0.0	2.0	0.0
k__Bacteria;p__Lentisphaerae;c__[Lentisphaeria];o__Victivallales	0.0	0.0	0.0	0.0	0.0	0.0	0.0	0.0	0.0	0.0	0.0	0.0	0.0	0.0	0.0	0.0	7.0	0.0	0.0	0.0	0.0	0.0	0.0	0.0	0.0	0.0	272.0	0.0	0.0	0.0	0.0	0.0	0.0	0.0	0.0	0.0	0.0	0.0	0.0	0.0	0.0	0.0	0.0	0.0	0.0	0.0	0.0	0.0	0.0	0.0	0.0	0.0	0.0	0.0	0.0	0.0	0.0	0.0	0.0	0.0	0.0	0.0	0.0	0.0	0.0	0.0	0.0	0.0	0.0	0.0	0.0	0.0
k__Bacteria;p__Nitrospirae;c__Nitrospira;o__Nitrospirales	0.0	0.0	0.0	0.0	0.0	0.0	0.0	0.0	0.0	18.0	0.0	0.0	0.0	0.0	0.0	0.0	0.0	0.0	0.0	0.0	0.0	0.0	0.0	0.0	0.0	0.0	0.0	0.0	0.0	0.0	0.0	2.0	0.0	0.0	2.0	0.0	0.0	0.0	0.0	0.0	0.0	0.0	5.0	0.0	10.0	0.0	0.0	0.0	0.0	0.0	0.0	0.0	0.0	0.0	0.0	0.0	0.0	0.0	0.0	0.0	0.0	0.0	0.0	0.0	0.0	0.0	0.0	0.0	3.0	0.0	0.0	0.0
k__Bacteria;p__Planctomycetes;c__;o__	0.0	0.0	0.0	0.0	0.0	0.0	0.0	0.0	0.0	2.0	0.0	0.0	0.0	0.0	0.0	0.0	0.0	0.0	0.0	0.0	0.0	0.0	0.0	0.0	0.0	0.0	0.0	0.0	0.0	0.0	0.0	0.0	0.0	0.0	0.0	0.0	0.0	0.0	0.0	0.0	0.0	0.0	0.0	0.0	0.0	0.0	0.0	0.0	0.0	0.0	0.0	0.0	0.0	0.0	0.0	0.0	0.0	0.0	0.0	0.0	0.0	0.0	0.0	0.0	0.0	0.0	0.0	0.0	0.0	0.0	0.0	0.0
k__Bacteria;p__Planctomycetes;c__C6;o__d113	0.0	0.0	0.0	0.0	0.0	0.0	0.0	0.0	0.0	3.0	0.0	0.0	0.0	0.0	0.0	0.0	0.0	0.0	0.0	0.0	0.0	0.0	0.0	0.0	0.0	0.0	0.0	0.0	0.0	0.0	0.0	0.0	0.0	0.0	0.0	0.0	0.0	0.0	0.0	0.0	0.0	0.0	0.0	0.0	0.0	0.0	0.0	0.0	0.0	0.0	0.0	0.0	0.0	0.0	0.0	0.0	0.0	0.0	0.0	0.0	0.0	0.0	0.0	0.0	0.0	0.0	0.0	0.0	0.0	0.0	0.0	0.0
k__Bacteria;p__Planctomycetes;c__OM190;o__CL500-15	0.0	0.0	0.0	0.0	0.0	0.0	0.0	0.0	0.0	7.0	0.0	0.0	0.0	0.0	0.0	0.0	0.0	0.0	0.0	0.0	0.0	0.0	0.0	0.0	0.0	0.0	0.0	0.0	0.0	0.0	0.0	0.0	0.0	0.0	0.0	0.0	0.0	0.0	0.0	0.0	0.0	0.0	0.0	0.0	0.0	0.0	0.0	0.0	0.0	0.0	0.0	0.0	0.0	0.0	0.0	0.0	0.0	0.0	0.0	0.0	0.0	0.0	0.0	0.0	0.0	0.0	0.0	0.0	0.0	2.0	0.0	0.0
k__Bacteria;p__Planctomycetes;c__Phycisphaerae;o__Phycisphaerales	0.0	0.0	0.0	5.0	0.0	0.0	0.0	0.0	0.0	0.0	0.0	0.0	0.0	0.0	0.0	0.0	0.0	0.0	0.0	0.0	0.0	0.0	0.0	0.0	0.0	0.0	0.0	0.0	0.0	0.0	0.0	0.0	0.0	0.0	0.0	0.0	0.0	0.0	0.0	0.0	0.0	0.0	0.0	0.0	3.0	0.0	0.0	0.0	0.0	0.0	0.0	0.0	0.0	0.0	0.0	0.0	0.0	0.0	0.0	0.0	0.0	0.0	0.0	0.0	0.0	0.0	0.0	0.0	0.0	0.0	0.0	0.0
k__Bacteria;p__Planctomycetes;c__Phycisphaerae;o__WD2101	0.0	0.0	4.0	24.0	2.0	6.0	9.0	0.0	4.0	0.0	0.0	11.0	26.0	0.0	39.0	27.0	2.0	0.0	0.0	2.0	12.0	7.0	2.0	4.0	2.0	9.0	5.0	7.0	0.0	0.0	3.0	7.0	9.0	11.0	9.0	9.0	15.0	0.0	0.0	0.0	7.0	0.0	13.0	0.0	8.0	0.0	0.0	7.0	7.0	2.0	0.0	3.0	0.0	2.0	5.0	2.0	0.0	3.0	0.0	16.0	24.0	28.0	0.0	0.0	5.0	0.0	3.0	0.0	9.0	50.0	7.0	24.0
k__Bacteria;p__Planctomycetes;c__Planctomycetia;o__B97	0.0	0.0	0.0	0.0	0.0	0.0	0.0	0.0	0.0	0.0	0.0	0.0	0.0	0.0	0.0	0.0	0.0	0.0	0.0	0.0	0.0	0.0	0.0	0.0	0.0	0.0	0.0	0.0	0.0	0.0	0.0	0.0	0.0	0.0	0.0	0.0	0.0	0.0	0.0	0.0	0.0	0.0	0.0	0.0	0.0	0.0	0.0	0.0	0.0	0.0	0.0	0.0	0.0	0.0	0.0	0.0	0.0	0.0	0.0	0.0	0.0	2.0	0.0	0.0	0.0	0.0	0.0	0.0	0.0	0.0	0.0	0.0
k__Bacteria;p__Planctomycetes;c__Planctomycetia;o__Gemmatales	0.0	0.0	6.0	23.0	0.0	17.0	5.0	0.0	10.0	94.0	0.0	22.0	112.0	2.0	35.0	48.0	0.0	6.0	0.0	5.0	9.0	41.0	7.0	8.0	0.0	0.0	13.0	0.0	3.0	0.0	9.0	3.0	0.0	25.0	8.0	38.0	4.0	13.0	0.0	15.0	4.0	7.0	47.0	4.0	11.0	0.0	15.0	7.0	8.0	15.0	9.0	3.0	0.0	37.0	3.0	14.0	16.0	12.0	0.0	10.0	5.0	5.0	0.0	0.0	14.0	0.0	20.0	0.0	54.0	98.0	25.0	27.0
k__Bacteria;p__Planctomycetes;c__Planctomycetia;o__Pirellulales	0.0	0.0	0.0	0.0	0.0	0.0	0.0	0.0	0.0	15.0	0.0	0.0	0.0	0.0	0.0	3.0	0.0	4.0	0.0	0.0	0.0	0.0	0.0	0.0	0.0	0.0	0.0	0.0	0.0	0.0	0.0	0.0	0.0	0.0	0.0	3.0	0.0	0.0	0.0	0.0	0.0	0.0	0.0	0.0	0.0	0.0	0.0	0.0	0.0	0.0	0.0	5.0	0.0	0.0	0.0	0.0	0.0	0.0	0.0	0.0	0.0	0.0	0.0	0.0	0.0	0.0	0.0	0.0	0.0	2.0	0.0	0.0
k__Bacteria;p__Planctomycetes;c__Planctomycetia;o__Planctomycetales	0.0	0.0	0.0	2.0	0.0	0.0	0.0	0.0	0.0	30.0	0.0	0.0	0.0	0.0	0.0	0.0	0.0	2.0	0.0	0.0	0.0	0.0	0.0	0.0	0.0	0.0	0.0	0.0	0.0	0.0	0.0	0.0	2.0	0.0	0.0	0.0	0.0	0.0	0.0	0.0	0.0	0.0	0.0	0.0	0.0	0.0	0.0	0.0	0.0	0.0	0.0	0.0	0.0	2.0	0.0	0.0	2.0	0.0	0.0	0.0	0.0	0.0	0.0	0.0	0.0	0.0	0.0	0.0	3.0	4.0	0.0	0.0
k__Bacteria;p__Planctomycetes;c__vadinHA49;o__DH61	0.0	0.0	0.0	6.0	0.0	0.0	0.0	0.0	0.0	30.0	0.0	0.0	4.0	0.0	0.0	0.0	0.0	2.0	0.0	0.0	0.0	5.0	0.0	0.0	0.0	0.0	0.0	0.0	0.0	0.0	0.0	0.0	0.0	0.0	0.0	0.0	4.0	0.0	0.0	2.0	0.0	0.0	0.0	0.0	0.0	0.0	0.0	0.0	0.0	0.0	0.0	0.0	0.0	0.0	0.0	0.0	0.0	0.0	0.0	0.0	0.0	0.0	0.0	0.0	0.0	0.0	0.0	0.0	3.0	9.0	0.0	0.0
k__Bacteria;p__Planctomycetes;c__vadinHA49;o__PeHg47	0.0	0.0	0.0	0.0	0.0	0.0	0.0	0.0	0.0	0.0	0.0	0.0	0.0	0.0	0.0	0.0	2.0	0.0	0.0	0.0	0.0	0.0	0.0	0.0	0.0	0.0	0.0	0.0	0.0	0.0	0.0	0.0	0.0	0.0	0.0	0.0	0.0	0.0	0.0	0.0	0.0	0.0	0.0	0.0	0.0	0.0	0.0	0.0	0.0	0.0	0.0	0.0	0.0	0.0	0.0	0.0	0.0	0.0	0.0	0.0	0.0	0.0	0.0	0.0	0.0	0.0	0.0	0.0	0.0	0.0	0.0	0.0
k__Bacteria;p__Proteobacteria;c__;o__	0.0	0.0	0.0	0.0	0.0	0.0	0.0	0.0	0.0	0.0	0.0	0.0	0.0	0.0	0.0	0.0	0.0	0.0	0.0	0.0	0.0	0.0	0.0	0.0	0.0	0.0	0.0	0.0	0.0	0.0	0.0	0.0	0.0	0.0	0.0	0.0	0.0	0.0	0.0	0.0	0.0	0.0	2.0	0.0	0.0	0.0	0.0	0.0	0.0	0.0	0.0	0.0	0.0	0.0	0.0	0.0	0.0	0.0	0.0	0.0	0.0	0.0	0.0	0.0	0.0	0.0	0.0	0.0	0.0	0.0	0.0	0.0
k__Bacteria;p__Proteobacteria;c__Alphaproteobacteria;o__	0.0	0.0	3.0	9.0	7.0	3.0	0.0	2.0	10.0	70.0	0.0	0.0	9.0	0.0	29.0	35.0	7.0	20.0	0.0	13.0	3.0	8.0	11.0	2.0	3.0	4.0	0.0	0.0	0.0	0.0	6.0	4.0	3.0	5.0	46.0	17.0	14.0	0.0	0.0	0.0	2.0	10.0	29.0	8.0	9.0	0.0	0.0	0.0	0.0	0.0	0.0	0.0	0.0	8.0	0.0	9.0	0.0	0.0	0.0	9.0	0.0	2.0	0.0	0.0	0.0	0.0	0.0	0.0	54.0	64.0	11.0	17.0
k__Bacteria;p__Proteobacteria;c__Alphaproteobacteria;o__BD7-3	0.0	0.0	0.0	0.0	0.0	0.0	0.0	0.0	0.0	0.0	0.0	0.0	0.0	0.0	0.0	0.0	0.0	0.0	0.0	0.0	0.0	0.0	2.0	0.0	0.0	0.0	8.0	0.0	2.0	0.0	0.0	0.0	0.0	0.0	0.0	0.0	6.0	2.0	0.0	0.0	0.0	0.0	0.0	0.0	0.0	0.0	0.0	0.0	0.0	0.0	0.0	0.0	0.0	0.0	0.0	0.0	0.0	0.0	0.0	2.0	0.0	0.0	0.0	0.0	0.0	0.0	0.0	0.0	0.0	0.0	0.0	0.0
k__Bacteria;p__Proteobacteria;c__Alphaproteobacteria;o__Caulobacterales	57.0	47.0	96.0	256.0	156.0	153.0	108.0	134.0	174.0	171.0	0.0	160.0	96.0	19.0	392.0	360.0	87.0	242.0	103.0	212.0	133.0	145.0	184.0	82.0	150.0	129.0	246.0	154.0	174.0	0.0	108.0	81.0	18.0	129.0	137.0	281.0	199.0	76.0	96.0	105.0	163.0	123.0	205.0	158.0	159.0	2.0	31.0	20.0	24.0	89.0	62.0	19.0	8.0	48.0	0.0	81.0	57.0	299.0	0.0	164.0	267.0	297.0	0.0	0.0	76.0	25.0	33.0	9.0	166.0	180.0	177.0	181.0
k__Bacteria;p__Proteobacteria;c__Alphaproteobacteria;o__Ellin329	0.0	0.0	0.0	8.0	4.0	0.0	0.0	0.0	0.0	2.0	0.0	0.0	0.0	0.0	2.0	0.0	0.0	0.0	0.0	0.0	0.0	2.0	0.0	0.0	0.0	0.0	0.0	0.0	0.0	0.0	0.0	0.0	0.0	0.0	0.0	0.0	3.0	0.0	0.0	0.0	0.0	0.0	4.0	0.0	0.0	0.0	0.0	0.0	0.0	0.0	0.0	0.0	0.0	0.0	0.0	0.0	0.0	0.0	0.0	0.0	0.0	0.0	0.0	0.0	0.0	0.0	0.0	0.0	10.0	0.0	0.0	0.0
k__Bacteria;p__Proteobacteria;c__Alphaproteobacteria;o__RF32	0.0	0.0	0.0	0.0	0.0	2.0	0.0	0.0	0.0	0.0	0.0	0.0	0.0	0.0	0.0	0.0	3.0	0.0	0.0	0.0	0.0	0.0	0.0	0.0	0.0	0.0	0.0	0.0	0.0	0.0	0.0	0.0	0.0	0.0	0.0	0.0	0.0	0.0	0.0	0.0	0.0	0.0	0.0	0.0	0.0	0.0	0.0	0.0	0.0	0.0	0.0	0.0	0.0	0.0	0.0	0.0	0.0	0.0	0.0	0.0	0.0	0.0	0.0	0.0	0.0	0.0	0.0	0.0	0.0	0.0	0.0	0.0
k__Bacteria;p__Proteobacteria;c__Alphaproteobacteria;o__Rhizobiales	168.0	296.0	1034.0	1320.0	1728.0	1083.0	910.0	289.0	1887.0	980.0	2.0	1069.0	722.0	537.0	4633.0	7044.0	1000.0	2326.0	858.0	1182.0	1539.0	1379.0	2013.0	1384.0	1936.0	773.0	3520.0	2071.0	1922.0	0.0	1886.0	613.0	234.0	1483.0	1845.0	2680.0	1141.0	1068.0	1232.0	1391.0	1834.0	1652.0	1667.0	2176.0	1780.0	6.0	414.0	425.0	404.0	1003.0	659.0	272.0	31.0	564.0	29.0	1027.0	447.0	810.0	0.0	1501.0	2371.0	2528.0	0.0	0.0	964.0	481.0	447.0	63.0	1233.0	1252.0	2501.0	2354.0
k__Bacteria;p__Proteobacteria;c__Alphaproteobacteria;o__Rhodobacterales	207.0	682.0	678.0	1027.0	1055.0	730.0	1378.0	1330.0	1415.0	2361.0	0.0	1319.0	1362.0	101.0	1101.0	1379.0	487.0	1371.0	413.0	829.0	821.0	2006.0	1062.0	471.0	225.0	967.0	3190.0	1133.0	550.0	0.0	255.0	587.0	272.0	3343.0	829.0	787.0	835.0	465.0	691.0	929.0	853.0	463.0	1352.0	2082.0	771.0	2.0	329.0	501.0	394.0	1143.0	828.0	49.0	6.0	526.0	18.0	871.0	262.0	631.0	0.0	2669.0	1584.0	1519.0	0.0	0.0	1113.0	527.0	590.0	23.0	2181.0	2153.0	1023.0	1946.0
k__Bacteria;p__Proteobacteria;c__Alphaproteobacteria;o__Rhodospirillales	57.0	138.0	422.0	508.0	497.0	300.0	541.0	99.0	875.0	1799.0	0.0	797.0	759.0	111.0	1410.0	1490.0	657.0	916.0	292.0	524.0	401.0	1497.0	788.0	397.0	125.0	527.0	1089.0	4083.0	345.0	0.0	199.0	568.0	141.0	1436.0	1051.0	688.0	484.0	483.0	517.0	643.0	662.0	449.0	781.0	2133.0	780.0	2.0	780.0	1389.0	1242.0	2230.0	1840.0	55.0	4.0	1450.0	61.0	2237.0	965.0	1435.0	0.0	1582.0	992.0	1410.0	0.0	0.0	2303.0	1168.0	1699.0	62.0	1105.0	1055.0	877.0	1089.0
k__Bacteria;p__Proteobacteria;c__Alphaproteobacteria;o__Rickettsiales	6.0	51.0	1549.0	54.0	76.0	1811.0	134.0	22.0	16.0	31.0	88.0	262.0	126.0	49.0	244.0	753.0	75.0	209.0	237.0	1110.0	119.0	358.0	84.0	70.0	25.0	51.0	27.0	19.0	82.0	0.0	16.0	61.0	9.0	47.0	101.0	83.0	82.0	38.0	72.0	59.0	35.0	133.0	367.0	58.0	126.0	0.0	32.0	83.0	39.0	73.0	79.0	4570.0	9097.0	205.0	0.0	53.0	73.0	56.0	0.0	83.0	105.0	104.0	0.0	0.0	60.0	41.0	38.0	6.0	69.0	45.0	36.0	170.0
k__Bacteria;p__Proteobacteria;c__Alphaproteobacteria;o__Sphingomonadales	344.0	581.0	1790.0	2292.0	4798.0	2237.0	1454.0	371.0	2185.0	657.0	8.0	1921.0	812.0	552.0	2184.0	1514.0	1038.0	3097.0	1069.0	1965.0	2812.0	2034.0	3498.0	2614.0	3186.0	1046.0	3036.0	4297.0	3439.0	0.0	2804.0	638.0	199.0	1918.0	1823.0	3543.0	1363.0	1901.0	2200.0	1534.0	3179.0	3643.0	2398.0	2796.0	1561.0	0.0	476.0	868.0	552.0	1821.0	1345.0	209.0	50.0	844.0	21.0	1394.0	616.0	946.0	0.0	1792.0	4104.0	3138.0	3.0	3.0	1896.0	1072.0	1005.0	11.0	1776.0	1545.0	2623.0	2019.0
k__Bacteria;p__Proteobacteria;c__Betaproteobacteria;o__	0.0	0.0	0.0	2.0	0.0	0.0	0.0	5.0	2.0	38.0	0.0	0.0	0.0	0.0	0.0	2.0	4.0	0.0	0.0	0.0	0.0	0.0	0.0	0.0	0.0	2.0	0.0	0.0	0.0	0.0	0.0	12.0	0.0	3.0	2.0	2.0	243.0	0.0	0.0	0.0	0.0	0.0	2.0	0.0	15.0	0.0	0.0	0.0	0.0	0.0	0.0	0.0	0.0	0.0	0.0	0.0	0.0	0.0	0.0	6.0	0.0	0.0	0.0	0.0	0.0	0.0	0.0	0.0	0.0	5.0	0.0	0.0
k__Bacteria;p__Proteobacteria;c__Betaproteobacteria;o__A21b	0.0	0.0	0.0	0.0	0.0	2.0	0.0	0.0	0.0	2.0	0.0	0.0	0.0	0.0	0.0	0.0	2.0	0.0	0.0	0.0	0.0	0.0	0.0	0.0	0.0	0.0	0.0	0.0	2.0	0.0	0.0	0.0	0.0	0.0	0.0	4.0	0.0	0.0	0.0	2.0	0.0	0.0	0.0	0.0	0.0	0.0	0.0	0.0	0.0	0.0	0.0	0.0	0.0	0.0	0.0	0.0	0.0	0.0	0.0	0.0	0.0	0.0	0.0	0.0	2.0	0.0	0.0	0.0	0.0	0.0	0.0	0.0
k__Bacteria;p__Proteobacteria;c__Betaproteobacteria;o__Burkholderiales	232.0	830.0	665.0	4266.0	2345.0	1321.0	579.0	848.0	802.0	2863.0	75.0	634.0	832.0	2907.0	1690.0	997.0	433.0	1027.0	547.0	1767.0	678.0	1028.0	1057.0	575.0	1032.0	1033.0	2514.0	851.0	1111.0	0.0	1170.0	474.0	303.0	1004.0	1967.0	1885.0	1266.0	479.0	674.0	494.0	872.0	737.0	3308.0	1321.0	1162.0	0.0	217.0	388.0	266.0	766.0	306.0	269.0	111.0	257.0	91.0	423.0	403.0	296.0	0.0	1005.0	1199.0	949.0	0.0	0.0	398.0	297.0	254.0	121.0	1504.0	1173.0	706.0	1482.0
k__Bacteria;p__Proteobacteria;c__Betaproteobacteria;o__Ellin6067	0.0	0.0	0.0	6.0	0.0	0.0	6.0	0.0	0.0	6.0	0.0	0.0	0.0	0.0	0.0	0.0	0.0	4.0	0.0	0.0	3.0	6.0	0.0	0.0	0.0	5.0	0.0	0.0	0.0	0.0	0.0	0.0	0.0	0.0	4.0	0.0	0.0	0.0	0.0	3.0	0.0	0.0	2.0	0.0	0.0	0.0	0.0	0.0	0.0	0.0	0.0	0.0	0.0	0.0	0.0	0.0	0.0	0.0	0.0	0.0	0.0	0.0	0.0	0.0	0.0	0.0	0.0	2.0	14.0	8.0	0.0	0.0
k__Bacteria;p__Proteobacteria;c__Betaproteobacteria;o__Gallionellales	0.0	0.0	0.0	0.0	0.0	0.0	0.0	0.0	0.0	0.0	0.0	0.0	0.0	0.0	0.0	0.0	0.0	3.0	0.0	0.0	0.0	0.0	0.0	0.0	0.0	0.0	0.0	0.0	0.0	0.0	0.0	0.0	0.0	0.0	0.0	0.0	0.0	0.0	0.0	0.0	0.0	0.0	0.0	0.0	0.0	0.0	0.0	0.0	0.0	0.0	0.0	0.0	0.0	0.0	0.0	0.0	0.0	0.0	0.0	0.0	0.0	0.0	0.0	0.0	0.0	0.0	0.0	0.0	0.0	0.0	0.0	0.0
k__Bacteria;p__Proteobacteria;c__Betaproteobacteria;o__IS-44	0.0	0.0	0.0	0.0	0.0	0.0	0.0	0.0	0.0	16.0	0.0	0.0	0.0	0.0	0.0	0.0	0.0	0.0	0.0	0.0	0.0	0.0	0.0	0.0	0.0	0.0	0.0	0.0	0.0	0.0	0.0	0.0	0.0	0.0	0.0	0.0	0.0	0.0	0.0	0.0	3.0	0.0	0.0	0.0	0.0	0.0	0.0	0.0	0.0	0.0	0.0	0.0	0.0	0.0	0.0	0.0	0.0	0.0	0.0	0.0	2.0	0.0	0.0	0.0	0.0	0.0	0.0	0.0	0.0	4.0	0.0	0.0
k__Bacteria;p__Proteobacteria;c__Betaproteobacteria;o__MND1	0.0	0.0	0.0	0.0	0.0	0.0	0.0	0.0	2.0	14.0	0.0	0.0	0.0	0.0	0.0	0.0	0.0	0.0	0.0	0.0	2.0	0.0	0.0	0.0	0.0	0.0	0.0	0.0	0.0	0.0	0.0	0.0	0.0	0.0	0.0	0.0	0.0	0.0	0.0	0.0	2.0	0.0	0.0	0.0	6.0	0.0	0.0	0.0	0.0	0.0	0.0	0.0	0.0	0.0	0.0	0.0	0.0	0.0	0.0	0.0	0.0	0.0	0.0	0.0	0.0	0.0	0.0	0.0	0.0	0.0	0.0	0.0
k__Bacteria;p__Proteobacteria;c__Betaproteobacteria;o__Methylophilales	0.0	0.0	0.0	2.0	0.0	3.0	2.0	0.0	0.0	0.0	0.0	0.0	0.0	6.0	0.0	0.0	0.0	0.0	0.0	0.0	0.0	2.0	3.0	0.0	0.0	0.0	0.0	0.0	0.0	0.0	0.0	0.0	0.0	3.0	3.0	2.0	14.0	0.0	0.0	0.0	0.0	0.0	4.0	0.0	0.0	0.0	0.0	0.0	2.0	0.0	0.0	0.0	0.0	0.0	0.0	0.0	0.0	0.0	0.0	0.0	0.0	0.0	0.0	0.0	0.0	0.0	0.0	0.0	0.0	0.0	0.0	0.0
k__Bacteria;p__Proteobacteria;c__Betaproteobacteria;o__Neisseriales	9.0	0.0	11.0	0.0	6.0	16.0	60.0	9.0	5.0	2.0	0.0	8.0	0.0	0.0	0.0	0.0	0.0	0.0	0.0	0.0	14.0	22.0	27.0	0.0	0.0	85.0	3.0	0.0	5.0	0.0	0.0	0.0	0.0	4.0	0.0	2.0	2.0	0.0	0.0	0.0	10.0	0.0	0.0	0.0	0.0	0.0	22.0	16.0	10.0	26.0	25.0	0.0	6.0	13.0	4.0	83.0	16.0	11.0	0.0	0.0	0.0	3.0	0.0	0.0	23.0	5.0	6.0	16.0	26.0	28.0	0.0	0.0
k__Bacteria;p__Proteobacteria;c__Betaproteobacteria;o__Nitrosomonadales	0.0	0.0	0.0	0.0	0.0	0.0	0.0	0.0	3.0	0.0	0.0	0.0	0.0	0.0	3.0	0.0	0.0	0.0	0.0	2.0	0.0	0.0	0.0	0.0	0.0	0.0	0.0	0.0	0.0	0.0	0.0	0.0	0.0	0.0	8.0	4.0	0.0	0.0	3.0	0.0	0.0	9.0	0.0	3.0	11.0	0.0	0.0	0.0	0.0	0.0	0.0	4.0	0.0	0.0	0.0	0.0	0.0	0.0	0.0	3.0	0.0	3.0	0.0	0.0	0.0	0.0	0.0	0.0	0.0	0.0	5.0	3.0
k__Bacteria;p__Proteobacteria;c__Betaproteobacteria;o__Procabacteriales	0.0	0.0	0.0	0.0	0.0	0.0	0.0	0.0	0.0	0.0	0.0	0.0	0.0	0.0	0.0	0.0	0.0	0.0	0.0	0.0	0.0	0.0	0.0	0.0	0.0	0.0	0.0	0.0	2.0	0.0	0.0	0.0	0.0	0.0	0.0	0.0	0.0	0.0	0.0	0.0	0.0	3.0	4.0	0.0	0.0	0.0	0.0	0.0	0.0	0.0	0.0	0.0	0.0	0.0	0.0	0.0	0.0	0.0	0.0	0.0	0.0	0.0	0.0	0.0	0.0	0.0	0.0	0.0	0.0	0.0	0.0	3.0
k__Bacteria;p__Proteobacteria;c__Betaproteobacteria;o__Rhodocyclales	0.0	0.0	6.0	4.0	8.0	10.0	0.0	13.0	11.0	5.0	0.0	5.0	19.0	0.0	0.0	0.0	44.0	10.0	0.0	0.0	49.0	7.0	19.0	0.0	0.0	10.0	0.0	5.0	10.0	0.0	12.0	2.0	2.0	2.0	0.0	7.0	14.0	12.0	0.0	12.0	12.0	62.0	0.0	14.0	11.0	0.0	32.0	29.0	41.0	58.0	31.0	0.0	0.0	26.0	22.0	41.0	27.0	20.0	0.0	6.0	0.0	5.0	0.0	0.0	55.0	20.0	27.0	30.0	0.0	14.0	14.0	13.0
k__Bacteria;p__Proteobacteria;c__Betaproteobacteria;o__SC-I-84	3.0	0.0	0.0	2.0	4.0	2.0	2.0	0.0	0.0	43.0	0.0	0.0	0.0	0.0	2.0	4.0	0.0	6.0	0.0	0.0	0.0	4.0	0.0	0.0	0.0	3.0	0.0	0.0	0.0	0.0	0.0	0.0	0.0	3.0	2.0	2.0	0.0	7.0	2.0	0.0	2.0	3.0	18.0	0.0	3.0	0.0	0.0	0.0	0.0	0.0	0.0	0.0	0.0	0.0	0.0	4.0	0.0	0.0	0.0	0.0	0.0	0.0	0.0	0.0	0.0	0.0	0.0	0.0	19.0	6.0	6.0	0.0
k__Bacteria;p__Proteobacteria;c__Deltaproteobacteria;o__	0.0	0.0	0.0	3.0	0.0	0.0	0.0	0.0	0.0	0.0	0.0	0.0	0.0	0.0	0.0	0.0	0.0	0.0	0.0	0.0	0.0	0.0	0.0	0.0	0.0	0.0	0.0	0.0	0.0	0.0	0.0	0.0	0.0	0.0	0.0	0.0	0.0	0.0	0.0	0.0	0.0	0.0	0.0	0.0	0.0	0.0	0.0	0.0	0.0	0.0	0.0	0.0	0.0	0.0	0.0	0.0	0.0	0.0	0.0	0.0	0.0	0.0	0.0	0.0	0.0	0.0	0.0	0.0	2.0	0.0	0.0	0.0
k__Bacteria;p__Proteobacteria;c__Deltaproteobacteria;o__Bdellovibrionales	0.0	3.0	0.0	21.0	5.0	4.0	4.0	0.0	0.0	8.0	0.0	5.0	5.0	0.0	0.0	6.0	0.0	5.0	4.0	0.0	7.0	0.0	0.0	0.0	0.0	0.0	2.0	8.0	0.0	0.0	0.0	0.0	0.0	7.0	0.0	13.0	2.0	0.0	0.0	8.0	0.0	0.0	18.0	0.0	0.0	0.0	0.0	0.0	0.0	0.0	0.0	9.0	0.0	0.0	0.0	0.0	0.0	0.0	0.0	0.0	3.0	7.0	0.0	0.0	0.0	0.0	0.0	0.0	21.0	2.0	0.0	5.0
k__Bacteria;p__Proteobacteria;c__Deltaproteobacteria;o__Desulfobacterales	0.0	0.0	0.0	0.0	0.0	17.0	0.0	0.0	0.0	0.0	0.0	0.0	0.0	0.0	0.0	0.0	0.0	0.0	0.0	0.0	0.0	0.0	0.0	0.0	0.0	0.0	0.0	0.0	0.0	0.0	0.0	0.0	0.0	0.0	0.0	0.0	0.0	0.0	0.0	0.0	0.0	0.0	0.0	0.0	0.0	0.0	0.0	0.0	0.0	0.0	0.0	5.0	0.0	0.0	0.0	0.0	0.0	0.0	0.0	0.0	0.0	0.0	0.0	0.0	0.0	0.0	0.0	0.0	0.0	0.0	0.0	0.0
k__Bacteria;p__Proteobacteria;c__Deltaproteobacteria;o__Desulfovibrionales	0.0	0.0	0.0	0.0	0.0	0.0	0.0	0.0	0.0	0.0	0.0	0.0	0.0	0.0	4.0	0.0	0.0	0.0	0.0	0.0	0.0	2.0	0.0	0.0	0.0	7.0	11.0	0.0	0.0	0.0	0.0	0.0	79.0	2.0	0.0	8.0	0.0	0.0	2.0	0.0	0.0	0.0	0.0	0.0	0.0	0.0	0.0	0.0	0.0	0.0	0.0	0.0	6.0	4.0	0.0	17.0	0.0	0.0	0.0	0.0	0.0	0.0	0.0	0.0	0.0	0.0	0.0	0.0	0.0	0.0	0.0	0.0
k__Bacteria;p__Proteobacteria;c__Deltaproteobacteria;o__Desulfuromonadales	0.0	0.0	0.0	0.0	0.0	0.0	0.0	0.0	0.0	4.0	0.0	0.0	0.0	0.0	0.0	0.0	0.0	0.0	0.0	0.0	4.0	0.0	0.0	0.0	0.0	0.0	0.0	6.0	0.0	0.0	0.0	0.0	0.0	0.0	0.0	0.0	0.0	0.0	0.0	3.0	2.0	0.0	0.0	0.0	0.0	0.0	0.0	0.0	0.0	0.0	0.0	0.0	0.0	0.0	0.0	0.0	0.0	0.0	0.0	0.0	0.0	0.0	0.0	0.0	0.0	0.0	0.0	0.0	0.0	4.0	0.0	2.0
k__Bacteria;p__Proteobacteria;c__Deltaproteobacteria;o__FAC87	0.0	0.0	0.0	0.0	0.0	0.0	0.0	0.0	0.0	0.0	0.0	0.0	0.0	0.0	0.0	0.0	0.0	0.0	0.0	0.0	0.0	0.0	0.0	0.0	0.0	0.0	0.0	0.0	0.0	0.0	0.0	0.0	0.0	0.0	0.0	0.0	0.0	0.0	0.0	0.0	0.0	0.0	0.0	0.0	2.0	0.0	0.0	0.0	0.0	0.0	0.0	0.0	0.0	0.0	0.0	0.0	0.0	0.0	0.0	0.0	0.0	0.0	0.0	0.0	0.0	0.0	0.0	0.0	0.0	0.0	0.0	0.0
k__Bacteria;p__Proteobacteria;c__Deltaproteobacteria;o__GMD14H09	0.0	0.0	0.0	0.0	0.0	6.0	0.0	0.0	0.0	0.0	0.0	0.0	0.0	0.0	0.0	0.0	9.0	0.0	0.0	0.0	0.0	0.0	0.0	0.0	0.0	0.0	0.0	0.0	0.0	0.0	0.0	0.0	0.0	0.0	0.0	0.0	0.0	0.0	0.0	0.0	0.0	0.0	0.0	0.0	0.0	0.0	0.0	0.0	0.0	0.0	0.0	0.0	0.0	0.0	0.0	0.0	0.0	0.0	0.0	0.0	0.0	0.0	0.0	0.0	0.0	0.0	0.0	0.0	0.0	0.0	0.0	0.0
k__Bacteria;p__Proteobacteria;c__Deltaproteobacteria;o__MIZ46	22.0	0.0	0.0	8.0	0.0	0.0	0.0	0.0	0.0	2.0	0.0	0.0	0.0	0.0	0.0	0.0	0.0	0.0	0.0	0.0	4.0	0.0	0.0	0.0	0.0	0.0	0.0	2.0	2.0	0.0	0.0	0.0	0.0	0.0	0.0	0.0	3.0	0.0	0.0	0.0	2.0	0.0	0.0	2.0	0.0	0.0	0.0	0.0	0.0	0.0	0.0	9.0	0.0	0.0	0.0	0.0	0.0	2.0	0.0	2.0	0.0	3.0	0.0	0.0	0.0	0.0	0.0	0.0	7.0	3.0	0.0	4.0
k__Bacteria;p__Proteobacteria;c__Deltaproteobacteria;o__Myxococcales	52.0	3.0	49.0	208.0	64.0	71.0	40.0	15.0	48.0	153.0	0.0	31.0	115.0	6.0	35.0	65.0	22.0	53.0	0.0	30.0	58.0	67.0	41.0	19.0	43.0	20.0	15.0	29.0	84.0	0.0	41.0	52.0	17.0	37.0	49.0	101.0	65.0	26.0	17.0	57.0	20.0	60.0	190.0	43.0	78.0	0.0	4.0	18.0	15.0	30.0	18.0	32.0	3.0	9.0	3.0	22.0	20.0	27.0	0.0	51.0	54.0	61.0	0.0	0.0	18.0	3.0	13.0	6.0	197.0	200.0	44.0	145.0
k__Bacteria;p__Proteobacteria;c__Deltaproteobacteria;o__PB19	0.0	0.0	0.0	0.0	0.0	0.0	0.0	0.0	0.0	0.0	0.0	0.0	0.0	0.0	0.0	0.0	0.0	0.0	0.0	0.0	0.0	0.0	0.0	0.0	0.0	0.0	0.0	0.0	0.0	0.0	0.0	0.0	0.0	0.0	0.0	0.0	0.0	0.0	0.0	0.0	0.0	0.0	0.0	0.0	0.0	0.0	0.0	0.0	0.0	0.0	0.0	9.0	0.0	0.0	0.0	0.0	0.0	0.0	0.0	0.0	0.0	0.0	0.0	0.0	0.0	0.0	0.0	0.0	0.0	0.0	0.0	0.0
k__Bacteria;p__Proteobacteria;c__Deltaproteobacteria;o__Spirobacillales	0.0	4.0	0.0	15.0	0.0	0.0	0.0	0.0	0.0	0.0	0.0	0.0	4.0	0.0	3.0	5.0	0.0	0.0	7.0	49.0	0.0	0.0	4.0	0.0	0.0	6.0	0.0	0.0	0.0	0.0	0.0	0.0	0.0	3.0	9.0	0.0	12.0	0.0	0.0	0.0	0.0	0.0	9.0	0.0	0.0	0.0	0.0	0.0	0.0	0.0	0.0	8.0	0.0	0.0	0.0	0.0	0.0	0.0	0.0	7.0	4.0	0.0	0.0	0.0	0.0	0.0	0.0	0.0	9.0	5.0	0.0	6.0
k__Bacteria;p__Proteobacteria;c__Deltaproteobacteria;o__Syntrophobacterales	0.0	0.0	0.0	0.0	0.0	0.0	2.0	0.0	3.0	76.0	0.0	0.0	0.0	0.0	0.0	0.0	2.0	0.0	0.0	0.0	0.0	0.0	0.0	0.0	0.0	0.0	0.0	0.0	0.0	0.0	0.0	0.0	0.0	0.0	0.0	0.0	0.0	0.0	0.0	0.0	0.0	0.0	11.0	0.0	6.0	0.0	0.0	0.0	0.0	0.0	0.0	0.0	0.0	0.0	0.0	0.0	0.0	0.0	0.0	0.0	0.0	4.0	0.0	0.0	0.0	0.0	0.0	0.0	5.0	3.0	0.0	2.0
k__Bacteria;p__Proteobacteria;c__Deltaproteobacteria;o__[Entotheonellales]	0.0	0.0	0.0	0.0	0.0	0.0	0.0	0.0	0.0	2.0	0.0	0.0	0.0	0.0	0.0	0.0	0.0	0.0	0.0	0.0	0.0	0.0	0.0	0.0	0.0	0.0	0.0	0.0	0.0	0.0	0.0	0.0	0.0	0.0	0.0	0.0	0.0	0.0	0.0	0.0	0.0	0.0	0.0	0.0	0.0	0.0	0.0	0.0	0.0	0.0	0.0	0.0	0.0	0.0	0.0	0.0	0.0	0.0	0.0	0.0	0.0	0.0	0.0	0.0	0.0	0.0	0.0	0.0	0.0	0.0	0.0	0.0
k__Bacteria;p__Proteobacteria;c__Epsilonproteobacteria;o__Campylobacterales	0.0	0.0	2.0	0.0	0.0	2.0	0.0	0.0	0.0	0.0	0.0	0.0	0.0	0.0	0.0	0.0	12.0	0.0	0.0	0.0	0.0	0.0	0.0	0.0	0.0	11.0	3.0	4.0	0.0	0.0	0.0	0.0	23.0	0.0	0.0	0.0	0.0	0.0	0.0	0.0	0.0	0.0	0.0	0.0	0.0	0.0	0.0	0.0	0.0	0.0	0.0	3.0	0.0	0.0	0.0	0.0	0.0	3.0	0.0	0.0	0.0	2.0	0.0	0.0	5.0	0.0	0.0	0.0	0.0	0.0	0.0	0.0
k__Bacteria;p__Proteobacteria;c__Gammaproteobacteria;o__	0.0	0.0	0.0	0.0	0.0	0.0	0.0	0.0	0.0	0.0	0.0	0.0	0.0	251.0	0.0	6.0	0.0	131.0	33.0	0.0	32.0	3.0	0.0	0.0	0.0	0.0	0.0	0.0	0.0	0.0	0.0	0.0	0.0	0.0	0.0	2.0	3.0	0.0	2.0	4.0	0.0	0.0	4.0	0.0	0.0	0.0	0.0	0.0	0.0	0.0	0.0	5.0	0.0	0.0	0.0	0.0	0.0	0.0	0.0	0.0	0.0	0.0	0.0	0.0	0.0	0.0	0.0	0.0	33.0	40.0	0.0	10.0
k__Bacteria;p__Proteobacteria;c__Gammaproteobacteria;o__Aeromonadales	0.0	0.0	0.0	4.0	0.0	10.0	2.0	0.0	0.0	2.0	0.0	2.0	4.0	0.0	0.0	4.0	0.0	0.0	0.0	126.0	0.0	0.0	4.0	0.0	0.0	3.0	14.0	0.0	0.0	0.0	0.0	0.0	0.0	0.0	0.0	3.0	3.0	0.0	0.0	4.0	0.0	0.0	5.0	0.0	0.0	0.0	0.0	3.0	0.0	0.0	0.0	0.0	21.0	0.0	0.0	6.0	0.0	0.0	0.0	0.0	0.0	5.0	0.0	0.0	0.0	3.0	0.0	0.0	8.0	11.0	2.0	3.0
k__Bacteria;p__Proteobacteria;c__Gammaproteobacteria;o__Alteromonadales	4024.0	37.0	121.0	88.0	33.0	1400.0	50.0	34.0	38.0	38.0	6794.0	118.0	64.0	26.0	4.0	225.0	8.0	40.0	3021.0	18.0	267.0	11.0	28.0	4.0	26.0	20.0	54.0	6.0	5.0	0.0	14.0	4.0	8.0	13.0	83.0	41.0	25.0	18.0	13.0	352.0	59.0	21.0	148.0	7.0	45.0	0.0	0.0	0.0	0.0	8.0	0.0	860.0	655.0	2.0	0.0	13.0	0.0	13.0	0.0	24.0	27.0	153.0	0.0	0.0	10.0	0.0	2.0	2.0	50.0	54.0	47.0	313.0
k__Bacteria;p__Proteobacteria;c__Gammaproteobacteria;o__Cardiobacteriales	0.0	0.0	0.0	0.0	0.0	0.0	0.0	0.0	0.0	0.0	0.0	0.0	0.0	0.0	0.0	0.0	0.0	0.0	0.0	2.0	3.0	6.0	4.0	0.0	0.0	0.0	0.0	0.0	0.0	0.0	0.0	0.0	0.0	0.0	0.0	0.0	0.0	0.0	0.0	0.0	0.0	0.0	0.0	0.0	0.0	0.0	0.0	0.0	0.0	2.0	0.0	0.0	0.0	0.0	0.0	0.0	0.0	0.0	0.0	0.0	0.0	0.0	0.0	0.0	0.0	0.0	0.0	0.0	0.0	0.0	0.0	0.0
k__Bacteria;p__Proteobacteria;c__Gammaproteobacteria;o__Chromatiales	0.0	0.0	0.0	0.0	0.0	0.0	0.0	0.0	0.0	0.0	0.0	0.0	0.0	0.0	2.0	14.0	0.0	0.0	0.0	0.0	0.0	0.0	0.0	0.0	0.0	0.0	0.0	0.0	0.0	0.0	0.0	0.0	0.0	0.0	0.0	0.0	2.0	0.0	0.0	0.0	0.0	0.0	0.0	0.0	20.0	0.0	0.0	0.0	0.0	0.0	0.0	0.0	0.0	0.0	0.0	0.0	0.0	0.0	0.0	0.0	0.0	0.0	0.0	0.0	0.0	0.0	0.0	0.0	0.0	0.0	2.0	0.0
k__Bacteria;p__Proteobacteria;c__Gammaproteobacteria;o__Enterobacteriales	67.0	13338.0	286.0	1243.0	302.0	853.0	1375.0	448.0	120.0	33.0	16.0	1243.0	447.0	14118.0	99.0	150.0	744.0	236.0	160.0	4475.0	370.0	1927.0	786.0	1859.0	4842.0	234.0	269.0	910.0	277.0	0.0	101.0	2023.0	131.0	315.0	3270.0	557.0	2066.0	15983.0	7410.0	8200.0	108.0	804.0	167.0	414.0	726.0	5.0	135.0	206.0	195.0	621.0	282.0	688.0	665.0	178.0	7.0	2428.0	142.0	291.0	0.0	688.0	161.0	154.0	4.0	4.0	606.0	190.0	152.0	3.0	1926.0	1407.0	132.0	399.0
k__Bacteria;p__Proteobacteria;c__Gammaproteobacteria;o__HTCC2188	0.0	0.0	0.0	0.0	0.0	0.0	2.0	0.0	0.0	9.0	0.0	4.0	0.0	0.0	0.0	0.0	0.0	0.0	0.0	0.0	0.0	0.0	0.0	0.0	0.0	0.0	0.0	0.0	0.0	0.0	0.0	0.0	0.0	0.0	0.0	0.0	0.0	0.0	0.0	0.0	0.0	0.0	0.0	0.0	0.0	0.0	0.0	0.0	0.0	0.0	0.0	0.0	0.0	0.0	0.0	0.0	0.0	0.0	0.0	0.0	0.0	0.0	0.0	0.0	0.0	0.0	0.0	0.0	2.0	4.0	0.0	0.0
k__Bacteria;p__Proteobacteria;c__Gammaproteobacteria;o__Legionellales	3.0	0.0	0.0	2.0	0.0	2.0	2.0	0.0	2.0	31.0	0.0	27.0	0.0	0.0	89.0	291.0	4.0	2.0	0.0	2.0	11.0	0.0	0.0	5.0	4.0	0.0	2.0	0.0	2.0	0.0	0.0	2.0	0.0	0.0	0.0	0.0	9.0	0.0	2.0	0.0	4.0	0.0	5.0	0.0	6.0	0.0	0.0	0.0	0.0	0.0	0.0	13.0	5.0	2.0	0.0	3.0	0.0	38.0	0.0	3.0	5.0	0.0	0.0	0.0	0.0	0.0	3.0	0.0	4.0	10.0	9.0	5.0
k__Bacteria;p__Proteobacteria;c__Gammaproteobacteria;o__Methylococcales	0.0	0.0	0.0	0.0	0.0	0.0	0.0	0.0	0.0	0.0	0.0	0.0	0.0	0.0	0.0	0.0	0.0	0.0	0.0	0.0	0.0	0.0	0.0	2.0	0.0	0.0	0.0	0.0	0.0	0.0	0.0	0.0	0.0	0.0	0.0	0.0	0.0	0.0	0.0	0.0	0.0	0.0	0.0	0.0	0.0	0.0	0.0	4.0	0.0	0.0	0.0	0.0	0.0	0.0	0.0	0.0	0.0	0.0	0.0	0.0	0.0	0.0	0.0	0.0	0.0	0.0	0.0	0.0	0.0	0.0	0.0	11.0
k__Bacteria;p__Proteobacteria;c__Gammaproteobacteria;o__Oceanospirillales	17606.0	59.0	155.0	165.0	71.0	505.0	212.0	86.0	141.0	24.0	22533.0	273.0	117.0	123.0	30.0	1177.0	12.0	138.0	15007.0	24.0	913.0	37.0	49.0	34.0	27.0	7.0	215.0	37.0	47.0	0.0	6.0	17.0	4.0	4.0	87.0	30.0	50.0	123.0	50.0	1435.0	217.0	55.0	405.0	33.0	171.0	0.0	0.0	0.0	6.0	27.0	9.0	3354.0	3488.0	0.0	0.0	33.0	0.0	28.0	0.0	51.0	28.0	885.0	0.0	0.0	22.0	14.0	3.0	0.0	52.0	178.0	259.0	1494.0
k__Bacteria;p__Proteobacteria;c__Gammaproteobacteria;o__Pasteurellales	0.0	0.0	22.0	6.0	4.0	10.0	29.0	12.0	9.0	0.0	0.0	5.0	4.0	0.0	0.0	3.0	0.0	0.0	0.0	4.0	13.0	18.0	60.0	12.0	5.0	114.0	14.0	0.0	11.0	0.0	0.0	5.0	0.0	7.0	0.0	2.0	3.0	0.0	0.0	5.0	20.0	0.0	13.0	10.0	0.0	0.0	12.0	43.0	3.0	26.0	33.0	0.0	0.0	13.0	0.0	69.0	4.0	10.0	0.0	5.0	5.0	9.0	0.0	0.0	21.0	10.0	7.0	0.0	19.0	25.0	7.0	7.0
k__Bacteria;p__Proteobacteria;c__Gammaproteobacteria;o__Pseudomonadales	149.0	5142.0	880.0	4291.0	1342.0	1680.0	645.0	10160.0	619.0	6675.0	119.0	4538.0	386.0	724.0	194.0	201.0	357.0	338.0	245.0	1014.0	740.0	452.0	576.0	431.0	1142.0	682.0	9312.0	7947.0	399.0	0.0	370.0	24889.0	168.0	391.0	4510.0	744.0	728.0	245.0	438.0	348.0	402.0	287.0	753.0	504.0	321.0	2.0	280.0	300.0	531.0	856.0	2917.0	822.0	1330.0	1187.0	833.0	833.0	974.0	626.0	3.0	1228.0	588.0	409.0	0.0	0.0	698.0	430.0	235.0	71.0	1255.0	1044.0	518.0	634.0
k__Bacteria;p__Proteobacteria;c__Gammaproteobacteria;o__Thiotrichales	0.0	0.0	0.0	0.0	0.0	0.0	2.0	0.0	0.0	33.0	0.0	0.0	0.0	0.0	6.0	2.0	0.0	0.0	0.0	2.0	3.0	0.0	0.0	0.0	0.0	0.0	0.0	0.0	0.0	0.0	0.0	0.0	0.0	0.0	0.0	0.0	0.0	0.0	0.0	0.0	0.0	0.0	0.0	0.0	0.0	0.0	0.0	0.0	0.0	0.0	0.0	0.0	0.0	0.0	0.0	0.0	0.0	0.0	0.0	0.0	0.0	0.0	0.0	0.0	0.0	0.0	0.0	0.0	0.0	0.0	2.0	5.0
k__Bacteria;p__Proteobacteria;c__Gammaproteobacteria;o__Vibrionales	0.0	7.0	110.0	0.0	2.0	3577.0	0.0	6.0	6.0	0.0	0.0	29.0	25.0	3.0	0.0	19.0	0.0	10.0	305.0	0.0	91.0	0.0	0.0	0.0	0.0	3.0	8.0	0.0	0.0	0.0	0.0	0.0	0.0	0.0	10.0	0.0	7.0	0.0	3.0	51.0	7.0	2.0	75.0	0.0	0.0	0.0	4.0	0.0	0.0	2.0	2.0	307.0	135.0	0.0	0.0	0.0	0.0	0.0	0.0	9.0	2.0	9.0	0.0	0.0	0.0	0.0	0.0	0.0	0.0	4.0	0.0	72.0
k__Bacteria;p__Proteobacteria;c__Gammaproteobacteria;o__Xanthomonadales	14.0	6.0	105.0	249.0	156.0	97.0	80.0	84.0	58.0	199.0	21.0	66.0	165.0	17.0	41.0	36.0	41.0	125.0	69.0	53.0	100.0	96.0	77.0	127.0	195.0	78.0	1488.0	238.0	86.0	0.0	163.0	18.0	11.0	71.0	147.0	157.0	103.0	76.0	39.0	52.0	41.0	65.0	102.0	83.0	120.0	0.0	26.0	13.0	50.0	48.0	14.0	304.0	24.0	37.0	57.0	46.0	37.0	239.0	0.0	105.0	103.0	72.0	0.0	0.0	13.0	7.0	16.0	29.0	179.0	205.0	96.0	121.0
k__Bacteria;p__Proteobacteria;c__TA18;o__PHOS-HD29	0.0	0.0	0.0	0.0	2.0	0.0	0.0	0.0	0.0	0.0	0.0	0.0	0.0	0.0	0.0	0.0	0.0	0.0	0.0	0.0	0.0	0.0	0.0	0.0	0.0	0.0	0.0	0.0	0.0	0.0	0.0	0.0	0.0	0.0	0.0	0.0	0.0	0.0	0.0	0.0	0.0	0.0	0.0	0.0	0.0	0.0	0.0	0.0	0.0	0.0	0.0	0.0	0.0	0.0	0.0	0.0	0.0	0.0	0.0	0.0	0.0	0.0	0.0	0.0	0.0	0.0	0.0	0.0	0.0	0.0	0.0	0.0
k__Bacteria;p__Spirochaetes;c__Spirochaetes;o__Spirochaetales	0.0	0.0	0.0	0.0	0.0	0.0	0.0	0.0	0.0	0.0	0.0	0.0	0.0	0.0	0.0	0.0	0.0	0.0	0.0	0.0	0.0	0.0	0.0	0.0	0.0	0.0	0.0	0.0	0.0	0.0	0.0	0.0	0.0	0.0	0.0	3.0	0.0	0.0	0.0	0.0	0.0	0.0	0.0	0.0	0.0	0.0	0.0	0.0	0.0	0.0	0.0	0.0	0.0	0.0	0.0	0.0	0.0	0.0	0.0	0.0	0.0	0.0	0.0	0.0	3.0	0.0	0.0	0.0	0.0	0.0	0.0	0.0
k__Bacteria;p__Synergistetes;c__Synergistia;o__Synergistales	0.0	0.0	2.0	0.0	0.0	0.0	3.0	3.0	0.0	0.0	0.0	0.0	0.0	0.0	0.0	0.0	0.0	0.0	0.0	0.0	4.0	0.0	3.0	0.0	0.0	15.0	0.0	30.0	0.0	0.0	0.0	0.0	0.0	0.0	0.0	0.0	0.0	0.0	0.0	0.0	0.0	0.0	0.0	0.0	0.0	0.0	0.0	0.0	0.0	0.0	0.0	0.0	0.0	0.0	2.0	0.0	0.0	3.0	0.0	0.0	3.0	0.0	0.0	0.0	0.0	0.0	0.0	0.0	9.0	4.0	0.0	0.0
k__Bacteria;p__TM7;c__SC3;o__	0.0	0.0	0.0	0.0	0.0	0.0	0.0	0.0	0.0	0.0	0.0	0.0	0.0	0.0	0.0	0.0	0.0	0.0	0.0	0.0	0.0	0.0	0.0	0.0	0.0	2.0	0.0	0.0	0.0	0.0	0.0	0.0	0.0	0.0	0.0	0.0	0.0	0.0	0.0	0.0	2.0	0.0	0.0	0.0	0.0	0.0	0.0	0.0	0.0	0.0	0.0	0.0	0.0	0.0	0.0	0.0	0.0	0.0	0.0	0.0	0.0	0.0	0.0	0.0	0.0	0.0	0.0	3.0	0.0	0.0	0.0	0.0
k__Bacteria;p__TM7;c__TM7-1;o__	0.0	0.0	0.0	0.0	0.0	2.0	0.0	0.0	0.0	0.0	0.0	0.0	0.0	0.0	0.0	0.0	0.0	0.0	0.0	0.0	0.0	0.0	0.0	0.0	0.0	0.0	0.0	0.0	0.0	0.0	0.0	0.0	0.0	0.0	0.0	0.0	0.0	0.0	0.0	0.0	0.0	0.0	0.0	0.0	0.0	0.0	0.0	0.0	0.0	0.0	0.0	2.0	0.0	0.0	0.0	0.0	0.0	0.0	0.0	0.0	0.0	0.0	0.0	0.0	0.0	0.0	0.0	0.0	0.0	0.0	0.0	0.0
k__Bacteria;p__TM7;c__TM7-3;o__EW055	0.0	0.0	0.0	0.0	0.0	0.0	0.0	0.0	0.0	0.0	0.0	0.0	0.0	0.0	0.0	0.0	0.0	0.0	0.0	0.0	0.0	0.0	0.0	0.0	0.0	0.0	0.0	0.0	0.0	0.0	0.0	0.0	0.0	0.0	0.0	0.0	0.0	0.0	0.0	0.0	0.0	2.0	0.0	0.0	0.0	0.0	0.0	0.0	0.0	0.0	0.0	4.0	0.0	0.0	0.0	0.0	0.0	0.0	0.0	0.0	0.0	0.0	0.0	0.0	0.0	0.0	0.0	0.0	0.0	0.0	0.0	0.0
k__Bacteria;p__Tenericutes;c__CK-1C4-19;o__	0.0	0.0	0.0	0.0	0.0	0.0	0.0	0.0	0.0	0.0	0.0	0.0	0.0	0.0	0.0	0.0	0.0	0.0	0.0	0.0	0.0	0.0	0.0	0.0	0.0	0.0	7.0	0.0	0.0	0.0	0.0	0.0	0.0	0.0	0.0	0.0	0.0	0.0	0.0	0.0	0.0	0.0	0.0	0.0	0.0	0.0	0.0	0.0	8.0	0.0	0.0	0.0	34.0	0.0	0.0	0.0	0.0	0.0	0.0	0.0	0.0	0.0	0.0	0.0	0.0	0.0	0.0	0.0	0.0	0.0	0.0	0.0
k__Bacteria;p__Tenericutes;c__Mollicutes;o__	0.0	0.0	0.0	0.0	0.0	0.0	0.0	0.0	0.0	0.0	0.0	0.0	0.0	0.0	0.0	0.0	0.0	0.0	0.0	3.0	0.0	0.0	0.0	0.0	0.0	0.0	0.0	0.0	0.0	0.0	0.0	0.0	0.0	0.0	0.0	3.0	0.0	0.0	0.0	0.0	0.0	0.0	0.0	0.0	0.0	0.0	0.0	0.0	0.0	0.0	0.0	0.0	0.0	0.0	0.0	0.0	0.0	0.0	0.0	0.0	0.0	0.0	0.0	0.0	0.0	0.0	0.0	0.0	7.0	0.0	0.0	0.0
k__Bacteria;p__Tenericutes;c__Mollicutes;o__Acholeplasmatales	0.0	0.0	0.0	0.0	0.0	0.0	0.0	0.0	0.0	0.0	0.0	0.0	0.0	0.0	0.0	0.0	20.0	0.0	0.0	0.0	0.0	0.0	0.0	0.0	0.0	0.0	0.0	0.0	0.0	0.0	0.0	0.0	0.0	0.0	0.0	0.0	0.0	0.0	0.0	0.0	0.0	0.0	0.0	0.0	0.0	0.0	0.0	0.0	0.0	0.0	0.0	0.0	0.0	0.0	0.0	0.0	0.0	0.0	0.0	0.0	0.0	0.0	0.0	0.0	0.0	0.0	0.0	0.0	0.0	0.0	0.0	0.0
k__Bacteria;p__Tenericutes;c__Mollicutes;o__Anaeroplasmatales	0.0	0.0	0.0	0.0	0.0	0.0	0.0	0.0	0.0	0.0	0.0	0.0	0.0	0.0	0.0	0.0	13.0	0.0	0.0	0.0	0.0	0.0	0.0	0.0	0.0	0.0	0.0	0.0	0.0	0.0	0.0	0.0	0.0	0.0	0.0	0.0	0.0	0.0	0.0	0.0	0.0	0.0	0.0	0.0	0.0	0.0	0.0	0.0	0.0	0.0	0.0	0.0	0.0	0.0	0.0	0.0	0.0	0.0	0.0	0.0	0.0	0.0	0.0	0.0	0.0	0.0	0.0	0.0	0.0	0.0	0.0	0.0
k__Bacteria;p__Tenericutes;c__Mollicutes;o__Entomoplasmatales	0.0	4.0	0.0	0.0	0.0	0.0	0.0	0.0	0.0	0.0	0.0	0.0	0.0	0.0	0.0	0.0	0.0	13.0	15.0	0.0	0.0	0.0	0.0	0.0	2.0	0.0	0.0	0.0	0.0	0.0	0.0	29.0	0.0	0.0	0.0	0.0	0.0	0.0	0.0	0.0	0.0	0.0	8.0	0.0	0.0	0.0	2.0	0.0	0.0	0.0	0.0	0.0	0.0	0.0	0.0	0.0	0.0	0.0	0.0	0.0	477.0	549.0	0.0	0.0	0.0	5.0	0.0	0.0	0.0	0.0	0.0	0.0
k__Bacteria;p__Tenericutes;c__Mollicutes;o__RF39	0.0	0.0	0.0	0.0	0.0	0.0	0.0	0.0	0.0	0.0	0.0	0.0	0.0	0.0	0.0	0.0	2.0	0.0	0.0	0.0	0.0	0.0	0.0	0.0	0.0	0.0	2.0	7.0	0.0	0.0	0.0	0.0	0.0	0.0	0.0	0.0	0.0	0.0	0.0	0.0	0.0	0.0	0.0	0.0	0.0	0.0	0.0	0.0	0.0	0.0	0.0	0.0	0.0	0.0	0.0	0.0	0.0	0.0	0.0	0.0	0.0	0.0	0.0	0.0	0.0	0.0	0.0	0.0	0.0	0.0	0.0	0.0
k__Bacteria;p__Tenericutes;c__Mollicutes;o__RsaHF231	0.0	0.0	0.0	0.0	0.0	0.0	0.0	0.0	0.0	0.0	0.0	0.0	0.0	0.0	0.0	0.0	35.0	0.0	0.0	0.0	0.0	0.0	0.0	0.0	0.0	0.0	8.0	0.0	0.0	0.0	0.0	0.0	0.0	0.0	0.0	0.0	0.0	0.0	0.0	0.0	0.0	0.0	0.0	0.0	0.0	0.0	0.0	0.0	0.0	0.0	0.0	0.0	0.0	0.0	0.0	0.0	0.0	0.0	0.0	0.0	0.0	0.0	0.0	0.0	0.0	0.0	0.0	0.0	0.0	0.0	0.0	0.0
k__Bacteria;p__Tenericutes;c__RF3;o__ML615J-28	0.0	0.0	0.0	0.0	0.0	0.0	0.0	0.0	2.0	0.0	0.0	0.0	0.0	0.0	0.0	0.0	0.0	0.0	0.0	0.0	0.0	0.0	0.0	0.0	0.0	0.0	0.0	0.0	0.0	0.0	0.0	0.0	0.0	0.0	0.0	0.0	0.0	0.0	0.0	0.0	0.0	0.0	0.0	0.0	2.0	0.0	0.0	0.0	0.0	0.0	0.0	0.0	0.0	0.0	0.0	0.0	0.0	0.0	0.0	0.0	0.0	0.0	0.0	0.0	0.0	0.0	0.0	0.0	0.0	0.0	0.0	0.0
k__Bacteria;p__Verrucomicrobia;c__;o__	0.0	0.0	0.0	0.0	0.0	5.0	0.0	0.0	0.0	0.0	0.0	0.0	0.0	0.0	0.0	0.0	0.0	0.0	0.0	0.0	0.0	0.0	0.0	0.0	0.0	0.0	0.0	0.0	0.0	0.0	0.0	0.0	0.0	0.0	0.0	0.0	0.0	0.0	0.0	0.0	0.0	0.0	0.0	0.0	0.0	0.0	0.0	0.0	0.0	0.0	0.0	0.0	0.0	0.0	0.0	0.0	0.0	0.0	0.0	0.0	2.0	0.0	0.0	0.0	0.0	0.0	0.0	0.0	0.0	2.0	3.0	0.0
k__Bacteria;p__Verrucomicrobia;c__Opitutae;o__Opitutales	0.0	2.0	0.0	20.0	0.0	0.0	0.0	5.0	0.0	6.0	0.0	0.0	4.0	0.0	0.0	0.0	0.0	0.0	4.0	0.0	0.0	0.0	0.0	0.0	0.0	13.0	0.0	0.0	0.0	0.0	0.0	2.0	0.0	0.0	3.0	4.0	2.0	0.0	0.0	0.0	0.0	0.0	6.0	0.0	0.0	0.0	0.0	0.0	0.0	0.0	0.0	7.0	0.0	0.0	0.0	0.0	0.0	5.0	0.0	4.0	0.0	2.0	0.0	0.0	2.0	0.0	0.0	0.0	16.0	6.0	0.0	0.0
k__Bacteria;p__Verrucomicrobia;c__Opitutae;o__[Cerasicoccales]	0.0	0.0	0.0	0.0	0.0	0.0	0.0	0.0	0.0	0.0	0.0	0.0	0.0	0.0	0.0	0.0	2.0	0.0	0.0	0.0	0.0	0.0	0.0	0.0	0.0	0.0	0.0	0.0	0.0	0.0	0.0	0.0	0.0	0.0	0.0	0.0	0.0	0.0	0.0	0.0	0.0	0.0	0.0	0.0	0.0	0.0	0.0	0.0	0.0	0.0	0.0	0.0	0.0	0.0	0.0	0.0	0.0	0.0	0.0	0.0	0.0	0.0	0.0	0.0	0.0	0.0	0.0	0.0	0.0	0.0	0.0	0.0
k__Bacteria;p__Verrucomicrobia;c__Verruco-5;o__WCHB1-41	0.0	0.0	0.0	0.0	0.0	0.0	0.0	0.0	0.0	0.0	0.0	0.0	0.0	0.0	0.0	0.0	0.0	0.0	0.0	0.0	0.0	0.0	0.0	0.0	0.0	0.0	6.0	0.0	0.0	0.0	0.0	0.0	0.0	0.0	0.0	0.0	0.0	0.0	0.0	0.0	0.0	0.0	0.0	0.0	0.0	0.0	0.0	0.0	0.0	0.0	0.0	0.0	0.0	0.0	0.0	0.0	0.0	0.0	0.0	0.0	0.0	0.0	0.0	0.0	0.0	0.0	0.0	0.0	0.0	0.0	0.0	0.0
k__Bacteria;p__Verrucomicrobia;c__Verrucomicrobiae;o__Verrucomicrobiales	22.0	6.0	5.0	28.0	11.0	12.0	7.0	3.0	11.0	44.0	0.0	10.0	27.0	7.0	5.0	3.0	3.0	13.0	0.0	0.0	9.0	5.0	9.0	2.0	13.0	20.0	7.0	11.0	16.0	0.0	19.0	16.0	5.0	14.0	6.0	18.0	19.0	10.0	11.0	18.0	2.0	3.0	9.0	0.0	6.0	0.0	0.0	2.0	0.0	0.0	0.0	0.0	0.0	0.0	0.0	0.0	0.0	0.0	0.0	15.0	5.0	14.0	0.0	0.0	0.0	0.0	0.0	0.0	26.0	58.0	14.0	8.0
k__Bacteria;p__Verrucomicrobia;c__[Methylacidiphilae];o__Methylacidiphilales	0.0	0.0	0.0	2.0	0.0	0.0	0.0	2.0	0.0	0.0	0.0	0.0	0.0	0.0	0.0	0.0	0.0	0.0	0.0	0.0	0.0	0.0	0.0	0.0	0.0	0.0	6.0	6.0	0.0	0.0	0.0	0.0	0.0	0.0	0.0	0.0	0.0	0.0	0.0	0.0	0.0	0.0	0.0	0.0	0.0	0.0	0.0	0.0	0.0	0.0	0.0	0.0	0.0	0.0	0.0	0.0	0.0	0.0	0.0	0.0	0.0	0.0	0.0	0.0	0.0	0.0	0.0	0.0	0.0	0.0	0.0	8.0
k__Bacteria;p__Verrucomicrobia;c__[Methylacidiphilae];o__S-BQ2-57	0.0	0.0	0.0	0.0	0.0	0.0	0.0	0.0	0.0	2.0	0.0	0.0	0.0	0.0	0.0	0.0	0.0	0.0	0.0	0.0	0.0	0.0	0.0	0.0	0.0	0.0	0.0	0.0	0.0	0.0	0.0	0.0	0.0	0.0	0.0	0.0	0.0	0.0	0.0	0.0	0.0	0.0	0.0	0.0	0.0	0.0	0.0	0.0	0.0	0.0	0.0	0.0	0.0	0.0	0.0	0.0	0.0	0.0	0.0	0.0	0.0	0.0	0.0	0.0	0.0	0.0	0.0	0.0	0.0	0.0	0.0	0.0
k__Bacteria;p__Verrucomicrobia;c__[Pedosphaerae];o__[Pedosphaerales]	0.0	3.0	2.0	0.0	2.0	2.0	0.0	0.0	3.0	39.0	0.0	2.0	0.0	0.0	0.0	6.0	0.0	2.0	5.0	3.0	4.0	0.0	3.0	5.0	0.0	4.0	0.0	0.0	9.0	0.0	4.0	0.0	0.0	0.0	0.0	0.0	0.0	6.0	2.0	14.0	12.0	35.0	47.0	0.0	7.0	0.0	0.0	0.0	0.0	2.0	0.0	2.0	0.0	0.0	0.0	2.0	3.0	0.0	0.0	0.0	2.0	6.0	0.0	0.0	2.0	0.0	0.0	0.0	3.0	5.0	15.0	2.0
k__Bacteria;p__Verrucomicrobia;c__[Spartobacteria];o__[Chthoniobacterales]	9.0	10.0	0.0	60.0	9.0	27.0	28.0	2.0	16.0	92.0	0.0	23.0	58.0	3.0	110.0	55.0	9.0	57.0	71.0	23.0	37.0	37.0	19.0	11.0	5.0	20.0	16.0	16.0	10.0	0.0	6.0	14.0	14.0	28.0	31.0	84.0	43.0	16.0	5.0	25.0	39.0	24.0	73.0	19.0	11.0	0.0	0.0	14.0	4.0	2.0	0.0	6.0	7.0	2.0	4.0	12.0	9.0	21.0	0.0	33.0	19.0	52.0	0.0	0.0	15.0	2.0	0.0	0.0	78.0	209.0	71.0	61.0
k__Bacteria;p__WPS-2;c__;o__	0.0	0.0	0.0	5.0	0.0	3.0	0.0	0.0	0.0	0.0	0.0	0.0	12.0	0.0	0.0	0.0	0.0	2.0	0.0	0.0	0.0	0.0	0.0	0.0	0.0	0.0	3.0	4.0	0.0	0.0	0.0	0.0	0.0	0.0	4.0	0.0	0.0	0.0	0.0	0.0	0.0	0.0	0.0	0.0	0.0	0.0	0.0	0.0	0.0	0.0	0.0	0.0	0.0	0.0	0.0	0.0	0.0	0.0	0.0	2.0	0.0	0.0	0.0	0.0	0.0	0.0	0.0	0.0	0.0	0.0	2.0	0.0
k__Bacteria;p__WS3;c__PRR-12;o__Sediment-1	0.0	0.0	2.0	0.0	0.0	0.0	0.0	0.0	0.0	13.0	0.0	0.0	0.0	0.0	0.0	0.0	0.0	0.0	0.0	0.0	0.0	0.0	0.0	0.0	0.0	0.0	0.0	0.0	0.0	0.0	0.0	0.0	0.0	0.0	0.0	0.0	0.0	0.0	0.0	0.0	0.0	0.0	5.0	0.0	0.0	0.0	0.0	0.0	0.0	0.0	0.0	0.0	0.0	0.0	0.0	0.0	0.0	0.0	0.0	2.0	0.0	0.0	0.0	0.0	0.0	0.0	0.0	0.0	2.0	7.0	0.0	0.0
k__Bacteria;p__WS4;c__;o__	0.0	0.0	0.0	0.0	0.0	0.0	0.0	0.0	0.0	0.0	0.0	0.0	0.0	0.0	0.0	0.0	0.0	0.0	0.0	0.0	0.0	0.0	0.0	0.0	0.0	0.0	0.0	0.0	0.0	0.0	0.0	0.0	0.0	0.0	0.0	0.0	0.0	0.0	0.0	0.0	0.0	0.0	0.0	0.0	0.0	0.0	0.0	0.0	0.0	0.0	0.0	0.0	0.0	0.0	0.0	0.0	0.0	0.0	0.0	0.0	0.0	0.0	0.0	0.0	0.0	0.0	0.0	0.0	0.0	0.0	2.0	0.0
k__Bacteria;p__[Thermi];c__Deinococci;o__Deinococcales	26.0	52.0	130.0	260.0	99.0	89.0	118.0	89.0	130.0	8.0	0.0	426.0	231.0	16.0	79.0	108.0	51.0	151.0	70.0	192.0	99.0	401.0	158.0	46.0	20.0	130.0	59.0	18.0	70.0	2.0	46.0	108.0	32.0	559.0	125.0	140.0	108.0	82.0	84.0	106.0	86.0	38.0	101.0	272.0	66.0	102.0	2752.0	1490.0	3366.0	1671.0	1760.0	12.0	0.0	1695.0	3489.0	1644.0	1060.0	1040.0	7.0	336.0	198.0	263.0	3.0	0.0	1670.0	743.0	1642.0	6053.0	318.0	362.0	142.0	240.0
k__Bacteria;p__[Thermi];c__Deinococci;o__Thermales	0.0	0.0	0.0	0.0	2.0	5.0	0.0	0.0	0.0	0.0	0.0	0.0	0.0	0.0	0.0	0.0	0.0	0.0	0.0	0.0	0.0	0.0	0.0	0.0	0.0	0.0	0.0	0.0	0.0	0.0	0.0	0.0	0.0	0.0	0.0	0.0	3.0	0.0	0.0	0.0	0.0	0.0	0.0	0.0	0.0	0.0	0.0	0.0	0.0	0.0	0.0	0.0	0.0	0.0	0.0	0.0	0.0	0.0	0.0	0.0	0.0	0.0	0.0	0.0	0.0	0.0	0.0	0.0	0.0	0.0	0.0	0.0