Taxon	AAGAGGCA.AGAGGATA	AAGAGGCA.ATAGAGAG	AAGAGGCA.CTCCTTAC	AGGCAGAA.AGAGGATA	AGGCAGAA.ATAGAGAG	AGGCAGAA.CTCCTTAC	AGGCAGAA.TACTCCTT	AGGCAGAA.TATGCAGT	ATCTCAGG.AGAGGATA	ATCTCAGG.ATAGAGAG	CGTACTAG.AGAGGATA	CGTACTAG.ATAGAGAG	CGTACTAG.CTCCTTAC	CGTACTAG.TACTCCTT	CGTACTAG.TATGCAGT	CTCTCTAC.AGAGGATA	CTCTCTAC.ATAGAGAG	CTCTCTAC.CTCCTTAC	CTCTCTAC.TATGCAGT	GCTCATGA.CTCCTTAC	GCTCATGA.TATGCAGT	GGACTCCT.AGAGGATA	GGACTCCT.CTCCTTAC	GGACTCCT.TACTCCTT	GGACTCCT.TATGCAGT	GTAGAGGA.AGAGGATA	GTAGAGGA.ATAGAGAG	GTAGAGGA.CTCCTTAC	GTAGAGGA.TATGCAGT	TAAGGCGA.AGAGGATA	TAAGGCGA.ATAGAGAG	TAAGGCGA.CTCCTTAC	TAAGGCGA.TACTCCTT	TAAGGCGA.TATGCAGT	TAGGCATG.AGAGGATA	TAGGCATG.ATAGAGAG	TAGGCATG.TATGCAGT	TCCTGAGC.AGAGGATA	TCCTGAGC.ATAGAGAG	TCCTGAGC.CTCCTTAC	TCCTGAGC.TACTCCTT	TCCTGAGC.TATGCAGT
k__Bacteria;p__Acidobacteria;c__Acidobacteriia;o__Acidobacteriales;f__Acidobacteriaceae	0.0	0.0105125968462	0.0125191974962	0.0239943047989	0.0	0.00374419887674	0.00462739907452	0.0	0.0	0.0	0.0410908876727	0.00466429953357	0.0237818023782	0.0	0.0159223	0.0	0.0173134982687	0.0	0.005609	0.0	0.0720347144069	0.0	0.0679393864121	0.0	0.00866029740191	0.0	0.00658979868204	0.0690054138011	0.0	0.0	0.00573284971336	0.0	0.0184288963142	0.0	0.0177617	0.0	0.0287118028712	0.0	0.0	0.00459339954066	0.0	0.00653350065335
k__Bacteria;p__Actinobacteria;c__Actinobacteria;o__Actinomycetales;f__Actinomycetaceae	0.0	0.00583139825058	0.0	0.00071230014246	0.0	0.0	0.0	0.0	0.0	0.0	0.0	0.0	0.0	0.0	0.0	0.0	0.0	0.0	0.0	0.0152709015271	0.0	0.0	0.0	0.0	0.0	0.0	0.0	0.0	0.0	0.0	0.0	0.0	0.0	0.0	0.0	0.0	0.0	0.0	0.0	0.0	0.0	0.0
k__Bacteria;p__Actinobacteria;c__Actinobacteria;o__Actinomycetales;f__Brevibacteriaceae	0.0	0.0	0.0	0.0	0.0	0.0	0.0118760976248	0.0	0.0	0.00924320277296	0.0	0.0	0.0	0.00805889758233	0.0	0.0	0.0	0.0	0.0	0.0	0.0	0.0	0.0604917879016	0.0	0.0	0.0	0.0135427972914	0.0	0.0	0.00979419902058	0.00490444975478	0.00913380091338	0.0	0.0291889941622	0.0103635	0.0	0.0	0.0	0.0	0.0	0.0	0.0
k__Bacteria;p__Actinobacteria;c__Actinobacteria;o__Actinomycetales;f__Cellulomonadaceae	0.0	0.0	0.0	0.00352590070518	0.0	0.00252229924331	0.0	0.0	0.0	0.0	0.0	0.00160249983975	0.0	0.00180369945889	0.0	0.0	0.0	0.0	0.0	0.00148960014896	0.0	0.0	0.0	0.0	0.0	0.0	0.0	0.00717190143438	0.00515010206004	0.0	0.0	0.0	0.0	0.0	0.003578	0.0	0.0	0.00081609991839	0.0	0.0	0.0	0.0
k__Bacteria;p__Actinobacteria;c__Actinobacteria;o__Actinomycetales;f__Corynebacteriaceae	0.0	0.0	0.0	0.0259787051957	0.260871473913	0.00378459886462	0.0194459961108	0.0	0.0	0.0137988041396	0.0	0.0	0.0	0.00100919969724	0.018036	0.00155390031078	0.0	0.0	0.0	0.0150919015092	0.0	0.0	0.0	0.0	0.00594619821614	0.2709097	0.0467232906553	0.00470530094106	0.0107198042879	0.00683309931669	0.0100342494983	0.00559150055915	0.0128518974296	0.0302642939471	0.0513997	0.01579999842	0.0	0.0222844977716	0.0	0.0	0.00453279954672	0.00054560005456
k__Bacteria;p__Actinobacteria;c__Actinobacteria;o__Actinomycetales;f__Dermabacteraceae	0.0	0.0	0.0	0.00087780017556	0.0	0.0	0.0108593978281	0.0	0.0	0.0354036106211	0.0332140900358	0.0	0.0032190003219	0.0	0.0	0.0	0.0	0.0	0.0079561	0.0	0.0	0.0060849	0.0	0.0	0.0182887945134	0.0	0.0	0.0150015030003	0.0240029096012	0.0	0.00752339962383	0.0	0.00080129983974	0.0452258909548	0.0299036	0.0	0.0	0.0	0.0	0.0	0.0	0.00153560015356
k__Bacteria;p__Actinobacteria;c__Actinobacteria;o__Actinomycetales;f__Dermacoccaceae	0.0	0.0	0.0	0.0	0.0	0.0	0.00094079981184	0.0	0.0	0.00030360009108	0.0	0.0	0.0	0.0	0.0	0.0	0.0	0.0	0.0	0.0	0.0	0.0	0.0	0.0	0.0	0.0	0.0	0.0	0.0	0.0	0.0	0.0	0.0	0.0	0.0050625	0.0	0.0	0.0	0.0	0.0	0.0	0.0
k__Bacteria;p__Actinobacteria;c__Actinobacteria;o__Actinomycetales;f__Dermatophilaceae	0.0	0.0	0.0	0.0	0.0	0.00880939735718	0.0108873978225	0.0	0.0	0.0169474050842	0.032226590332	0.0109742989026	0.015760201576	0.0	0.0	0.0	0.0	0.0	0.0	0.00270980027098	0.0	0.0	0.0	0.0	0.0	0.0	0.0	0.0	0.0236460094584	0.0	0.00449614977519	0.0	0.00752129849574	0.0	0.0142511	0.0	0.0337769033777	0.0	0.0	0.0	0.0	0.0
k__Bacteria;p__Actinobacteria;c__Actinobacteria;o__Actinomycetales;f__Dietziaceae	0.0	0.0	0.0	0.0	0.0	0.0	0.0137809972438	0.0	0.0	0.00300030090009	0.0	0.0	0.0	0.0	0.0	0.0	0.0	0.0	0.0	0.00012730001273	0.0	0.0	0.0	0.0	0.0	0.0	0.0	0.0	0.0	0.00039329996067	0.00130854993457	0.0	0.00190059961988	0.003914999217	0.0088201	0.0	0.0	0.0	0.0	0.0	0.0	0.0
k__Bacteria;p__Actinobacteria;c__Actinobacteria;o__Actinomycetales;f__Geodermatophilaceae	0.0	0.00420079873976	0.0236881952624	0.0116624023325	0.0	0.0335660899302	0.0093909981218	0.0	0.00416529916694	0.0	0.0390777882767	0.0125920987408	0.0274772027477	0.0855241743427	0.0054048	0.0275080055016	0.00784819921518	0.0038992	0.0140055	0.00058190005819	0.0153718030744	0.026449	0.0590564881887	0.0	0.0337760898672	0.0	0.0	0.0582463116493	0.0260422104169	0.0	0.0128776493561	0.0	0.0236738952652	0.0097029980594	0.0165067	0.00651239934876	0.0505328050533	0.0	0.0162079983792	0.00919709908029	0.015240198476	0.0114728011473
k__Bacteria;p__Actinobacteria;c__Actinobacteria;o__Actinomycetales;f__Gordoniaceae	0.0	0.0	0.0	0.0	0.0	0.0	0.0	0.0	0.0	0.0	0.0	0.0	0.0	0.0282158915352	0.0	0.0	0.0	0.0	0.0	0.0	0.0	0.0	0.0	0.0	0.0	0.0	0.0	0.0	0.0	0.0	0.0	0.0	0.0	0.0	0.000669	0.0	0.0	0.0	0.0	0.0	0.0	0.0
k__Bacteria;p__Actinobacteria;c__Actinobacteria;o__Actinomycetales;f__Intrasporangiaceae	0.0	0.0	0.0	0.0	0.0	0.0	0.00251319949736	0.0	0.0	0.00139970041991	0.0	0.0	0.0	0.0	0.0	0.0	0.0	0.0	0.0	0.0	0.0	0.0	0.0	0.0	0.0	0.0	0.0	0.0	0.0	0.0	0.0	0.0	0.0	0.00233109953378	0.0035913	0.0	0.0	0.0	0.0	0.0	0.0	0.0
k__Bacteria;p__Actinobacteria;c__Actinobacteria;o__Actinomycetales;f__Microbacteriaceae	0.0107786	0.0496318851104	0.298256440349	0.0112359022472	0.0	0.181964445411	0.108607278279	0.104956910496	0.156268268746	0.00314570094371	0.0711168786649	0.132138786786	0.254139425414	0.0	0.1689985	0.152724630545	0.040150395985	0.0	0.1219226	0.0	0.128489725698	0.0373829	0.0694629861074	0.0	0.272317318305	0.0	0.0	0.183765136753	0.198197079279	0.0100370989963	0.051860597407	0.0	0.170407365919	0.0747093850581	0.0671412	0.0283292971671	0.163011616301	0.00543249945675	0.0623584937642	0.131621186838	0.0624139937586	0.232460623246
k__Bacteria;p__Actinobacteria;c__Actinobacteria;o__Actinomycetales;f__Micrococcaceae	0.0	0.0819315754205	0.0106488978702	0.0217933043587	0.0	0.0129502961149	0.159709368058	0.0	0.0	0.0882574264772	0.00706579788026	0.0	0.00348730034873	0.110370666889	0.0	0.00663240132648	0.0	0.015442	0.0139809	0.0269911026991	0.0	0.0172845	0.0	0.0	0.0214389935683	0.0	0.00959029808194	0.0160603032121	0.0810233324093	0.00831879916812	0.0279338986033	0.00055830005583	0.0437964912407	0.166094866781	0.1036145	0.0	0.00344990034499	0.0	0.0	0.0041479995852	0.0242751975725	0.00593270059327
k__Bacteria;p__Actinobacteria;c__Actinobacteria;o__Actinomycetales;f__Micromonosporaceae	0.0	0.0	0.0320764935847	0.0399092079818	0.0	0.0112088966373	0.0	0.0	0.0	0.0	0.0	0.0	0.0	0.0	0.0	0.0	0.0	0.0	0.0	0.0	0.0	0.0484283	0.0	0.0	0.0	0.0	0.0	0.0172830034566	0.0165227066091	0.0	0.0	0.0	0.0	0.0	0.0004624	0.0	0.0	0.00710409928959	0.0	0.0	0.0	0.0
k__Bacteria;p__Actinobacteria;c__Actinobacteria;o__Actinomycetales;f__Nocardiaceae	0.0	0.0	0.0	0.0	0.0	0.0	0.0	0.0	0.0	0.0	0.0	0.0	0.0	0.0468436859469	0.0	0.0	0.0	0.0	0.0	0.0	0.0	0.0	0.0	0.0	0.0	0.0	0.0	0.0	0.0	0.0	0.0001219999939	0.0140961014096	0.0	0.0	0.0	0.0	0.0	0.0	0.0	0.0	0.0	0.00022220002222
k__Bacteria;p__Actinobacteria;c__Actinobacteria;o__Actinomycetales;f__Nocardioidaceae	0.0	0.0	0.00434079913184	0.00823070164614	0.0	0.00629839811048	0.0134412973117	0.0	0.0	0.00080660024198	0.0	0.00960369903963	0.0	0.010543196837	0.0068764	0.0159097031819	0.0	0.0	0.0	0.00096680009668	0.0130082026016	0.0219382	0.0453442909311	0.0	0.00947649715705	0.0	0.0	0.0164481032896	0.00426740170696	0.0118915988108	0.00597144970143	0.0	0.0072469985506	0.00242719951456	0.0072104	0.0	0.0126624012662	0.00104629989537	0.0	0.0	0.0529036947096	0.00269840026984
k__Bacteria;p__Actinobacteria;c__Actinobacteria;o__Actinomycetales;f__Propionibacteriaceae	0.2467717	0.0826383752085	0.123827675234	0.173135734627	0.401963059804	0.0321518903544	0.152575169485	0.255431025543	0.141243671751	0.0897636269291	0.174144147757	0.011820398818	0.0710079071008	0.0189093943272	0.2909781	0.203395140679	0.0967093903291	0.0642529	0.0253503	0.0556685055669	0.129763325953	0.2326652	0.160892667821	1.0	0.0827292751812	0.0731389	0.443506611299	0.0574370114874	0.0877163350865	0.148033885197	0.0627947968603	0.0966361096636	0.0569684886063	0.316324536735	0.1253104	0.218634478137	0.0835318083532	0.0285206971479	0.0	0.0667637933236	0.299113270089	0.0823280082328
k__Bacteria;p__Actinobacteria;c__Actinobacteria;o__Actinomycetales;f__Pseudonocardiaceae	0.0	0.0	0.0	0.0113422022684	0.0	0.0	0.0	0.0	0.0	0.00148180044454	0.0	0.0	0.0	0.0	0.0	0.0	0.0	0.0	0.0	0.0	0.0	0.0	0.00969759806048	0.0	0.00618509814447	0.0	0.0	0.0	0.0	0.00308359969164	0.00309984984501	0.0	0.0	0.00471039905792	0.0051081	0.0	0.0	0.0	0.0	0.0	0.0	0.0
k__Bacteria;p__Actinobacteria;c__Actinobacteria;o__Actinomycetales;f__Tsukamurellaceae	0.0	0.0	0.0	0.0	0.0	0.0	0.0	0.0	0.0	0.0	0.0	0.0	0.0	0.0	0.0	0.0	0.0	0.0	0.0	0.00285930028593	0.0	0.0	0.0	0.0	0.0	0.0	0.0	0.0	0.0	0.0	0.0	0.0197375019738	0.0	0.0	0.0	0.0	0.0	0.0	0.0	0.0	0.0	0.0
k__Bacteria;p__Actinobacteria;c__Actinobacteria;o__Bifidobacteriales;f__Bifidobacteriaceae	0.0	0.00778759766372	0.0	0.00455420091084	0.0	0.00741759777472	0.0229805954039	0.0	0.0	0.0	0.00063019981094	0.0	0.00423150042315	0.0006269998119	0.0025439	0.0	0.0	0.0	0.0021211	0.00283590028359	0.0	0.0033103	0.0	0.0	0.0175561947331	0.0	0.0645485870903	0.00542120108424	0.0034240013696	0.0	0.00270984986451	0.00285770028577	0.00793379841324	0.0100895979821	0.0082369	0.0264548973545	0.0	0.0	0.0	0.0	0.0	0.00205170020517
k__Bacteria;p__Actinobacteria;c__Actinobacteria;o__Coriobacteriales;f__Coriobacteriaceae	0.0	0.0	0.0	0.0	0.0	0.0	0.00178869964226	0.0	0.0	0.0	0.0	0.0	0.0	0.0	0.0	0.0	0.0	0.0	0.0	0.0	0.0	0.0	0.002354999529	0.0	0.0	0.0	0.00228559954288	0.0	0.0	0.0	0.0	0.0	0.0	0.0	0.0004006	0.0	0.0	0.00331459966854	0.0	0.0	0.0	0.0
k__Bacteria;p__Actinobacteria;c__Actinobacteria;o__Solirubrobacterales;Other	0.0	0.0	0.00792489841502	0.00275080055016	0.0	0.00540339837898	0.0	0.0	0.00258459948308	0.0	0.0	0.00506159949384	0.0024750002475	0.00190559942832	0.0	0.0137920027584	0.0	0.0	0.0	0.0	0.0	0.0034951	0.0161625967675	0.0	0.0	0.0	0.0	0.0100354020071	0.0119894047958	0.00279149972085	0.00109949994503	0.0	0.00696879860624	0.0	0.0039108	0.0	0.0	0.00252669974733	0.00855919914408	0.0040969995903	0.0	0.00463070046307
k__Bacteria;p__Bacteroidetes;c__Bacteroidia;o__Bacteroidales;f__Bacteroidaceae	0.0	0.0	0.0	0.0	0.0	0.0	0.0	0.0	0.0	0.0	0.0	0.0	0.0	0.0	0.0	0.0	0.0	0.0	0.0	0.0	0.0	0.0	0.0	0.0	0.0	0.0	0.0	0.0	0.0	0.0	0.0	0.0	0.0	0.0	0.0	0.0	0.0	0.0329915967008	0.0	0.0	0.0	0.0
k__Bacteria;p__Bacteroidetes;c__Bacteroidia;o__Bacteroidales;f__Porphyromonadaceae	0.0	0.0	0.0	0.0090355018071	0.0	0.0	0.0	0.0	0.0	0.0	0.0	0.0	0.0	0.0	0.0	0.0	0.0	0.0	0.0	0.00851430085143	0.0	0.0	0.0	0.0	0.0	0.0	0.00078719984256	0.0	0.0	0.0	0.00303619984819	0.0	0.0	0.0	0.0	0.0	0.0	0.169269483073	0.0	0.0	0.0	0.0
k__Bacteria;p__Bacteroidetes;c__Bacteroidia;o__Bacteroidales;f__Prevotellaceae	0.0	0.0	0.0	0.0	0.0	0.0	0.0	0.0	0.0	0.0	0.0	0.0	0.0	0.0	0.0	0.0	0.0	0.0	0.0	0.0216069021607	0.0	0.0	0.0	0.0	0.0	0.0	0.00145689970862	0.0	0.0	0.0	0.0	0.0	0.0	0.0	0.0029218	0.0	0.0	0.0	0.0	0.0	0.0	0.0
k__Bacteria;p__Bacteroidetes;c__Bacteroidia;o__Bacteroidales;f__Rikenellaceae	0.0	0.0	0.0	0.0	0.0	0.0	0.0	0.0	0.0	0.0	0.0	0.0	0.0	0.0	0.0	0.0	0.0	0.0	0.0	0.0	0.0	0.0	0.0	0.0	0.0	0.0	0.0	0.0	0.0	0.0	0.0	0.0	0.0	0.0	0.0	0.0	0.0	0.0321470967853	0.0	0.0	0.0	0.0
k__Bacteria;p__Bacteroidetes;c__Cytophagia;o__Cytophagales;f__Cytophagaceae	0.0	0.0138725958382	0.035529792894	0.0199342039868	0.0	0.0285383914385	0.0131630973674	0.0103234010323	0.0381663923667	0.00085410025623	0.0645637806309	0.0458994954101	0.0426635042664	0.0	0.0241884	0.0466238093248	0.0	0.0036672	0.0211846	0.00097880009788	0.0406185081237	0.0330461	0.0632496873501	0.0	0.0269940919018	0.0	0.00617209876558	0.0532833106567	0.0376137150455	0.00930749906925	0.0118573494071	0.00285170028517	0.03310009338	0.0136124972775	0.0182826	0.0195086980491	0.0210117021012	0.0025939997406	0.0123623987638	0.0414133958587	0.0107938989206	0.0276675027668
k__Bacteria;p__Bacteroidetes;c__Flavobacteriia;o__Flavobacteriales;f__Flavobacteriaceae	0.0	0.0	0.0	0.0	0.0	0.00123819962854	0.0	0.0	0.00081809983638	0.0	0.0224872932538	0.00260989973901	0.0	0.0	0.0	0.0	0.0	0.0	0.0	0.0	0.0	0.0	0.0	0.0	0.0	0.0	0.0	0.0	0.0	0.0	0.0	0.00723560072356	0.00070389985922	0.0	0.0028701	0.0	0.0	0.0	0.0	0.00240479975952	0.0	0.00073130007313
k__Bacteria;p__Bacteroidetes;c__Flavobacteriia;o__Flavobacteriales;f__Flavobacteriales_noname	0.0	0.0	0.0	0.0	0.0	0.0	0.0	0.0	0.0	0.0	0.0	0.0020439997956	0.0	0.0	0.0	0.0	0.0	0.0	0.0	0.0	0.0	0.0	0.0	0.0	0.0	0.0	0.0	0.0	0.0	0.0	0.0	0.0	0.0	0.0	0.0	0.0	0.0	0.0	0.0	0.0014129998587	0.0	0.0
k__Bacteria;p__Bacteroidetes;c__Sphingobacteriia;o__Sphingobacteriales;f__Sphingobacteriaceae	0.140709	0.0536320839104	0.0965481806904	0.00632060126412	0.0	0.172154948354	0.0328904934219	0.0	0.160878267824	0.00460190138057	0.123715662885	0.196889780311	0.178911617891	0.00442039867388	0.0868667	0.155597231119	0.0	0.0	0.0892913	0.0160010016001	0.0556337111267	0.0578928	0.0	0.0	0.0585408824377	0.0	0.0	0.151668630334	0.105904842362	0.00855519914448	0.0264096986795	0.0259562025956	0.062560087488	0.0388486922303	0.0376565	0.111434288857	0.134176913418	0.0	0.336253766375	0.302892269711	0.0	0.180645718065
k__Bacteria;p__Cyanobacteria;c__Cyanobacteria_noname;o__Nostocales;f__Nostocaceae	0.0	0.0	0.0	0.0	0.0	0.00088309973507	0.0	0.0	0.0	0.0	0.0	0.0	0.0	0.0	0.0	0.0	0.0	0.0	0.0	0.0	0.0	0.0	0.0	0.0	0.0	0.0	0.0	0.0	0.0	0.00182259981774	0.0	0.0	0.0	0.0	0.0	0.0	0.0	0.0	0.0	0.0	0.0	0.0
k__Bacteria;p__Cyanobacteria;c__Cyanobacteria_noname;o__Nostocales;f__Rivulariaceae	0.0	0.0	0.0	0.0	0.0	0.0	0.0	0.0	0.0	0.0	0.0	0.0	0.0	0.0	0.0	0.0	0.0	0.0	0.0	0.0	0.0	0.0	0.00797119840576	0.0	0.0	0.0	0.0	0.0	0.0	0.0	0.0	0.0	0.0	0.0	0.0	0.0	0.0	0.0	0.0	0.0	0.0	0.0
k__Bacteria;p__Cyanobacteria;c__Cyanobacteria_noname;o__Oscillatoriales;f__Oscillatoriales_noname	0.0	0.00945689716293	0.0	0.00334590066918	0.052259894774	0.0355626893312	0.0	0.0	0.0	0.0	0.0	0.0	0.0	0.0	0.0071617	0.0	0.0	0.0	0.0	0.0	0.0	0.0244986	0.0106014978797	0.0	0.0	0.0	0.0126528974694	0.00973190194638	0.00452040180816	0.0179271982073	0.0034380998281	0.0064030006403	0.00823839835232	0.0	0.0	0.0	0.0	0.0	0.0	0.0	0.0	0.0
k__Bacteria;p__Deinococcus_Thermus;c__Deinococci;o__Deinococcales;Other	0.0	0.0	0.0	0.0	0.0	0.0	0.0	0.0	0.0	0.0	0.0	0.0	0.0	0.0	0.0	0.0	0.0	0.0	0.0	0.0	0.0	0.0131326	0.0	0.0	0.0	0.0	0.0	0.0	0.0	0.0123206987679	0.0	0.0	0.0	0.0	0.0060283	0.0	0.0	0.0	0.0	0.0	0.0	0.011940401194
k__Bacteria;p__Deinococcus_Thermus;c__Deinococci;o__Deinococcales;f__Deinococcaceae	0.0	0.0342969897109	0.0115786976843	0.0242691048538	0.0	0.00814349755695	0.0150967969806	0.071609607161	0.0	0.00195830058749	0.0148953955314	0.020289697971	0.0364225036423	0.00265059920482	0.0	0.0712768142554	0.0180748981925	0.0	0.0213207	0.0	0.0566191113238	0.019744	0.0897123820575	0.0	0.032673490198	0.0330596	0.0057384988523	0.0647064129413	0.0327881131152	0.0249005975099	0.0103907494805	0.00387030038703	0.0208584958283	0.0123681975264	0.0153696	0.0118767988123	0.0	0.0	0.0	0.00427149957285	0.0279519972048	0.0
k__Bacteria;p__Firmicutes;c__Bacilli;o__Bacillales;f__Bacillaceae	0.0	0.0	0.0	0.0	0.0	0.0173904947829	0.0	0.0	0.0	0.0	0.0	0.0	0.0	0.0	0.0	0.0	0.0	0.0	0.0	0.0	0.0	0.0	0.0	0.0	0.0	0.0	0.0	0.0	0.0	0.00505209949479	0.0010360999482	0.0	0.00520719895856	0.0	0.0	0.0	0.0	0.0	0.0	0.0	0.0	0.0
k__Bacteria;p__Firmicutes;c__Bacilli;o__Bacillales;f__Bacillales_noname	0.0	0.0	0.0	0.00022070004414	0.0	0.0	0.0	0.0	0.0	0.0	0.0	0.0	0.0	0.0	0.0	0.0	0.0	0.0	0.0	0.0	0.0	0.0	0.0	0.0	0.0	0.0	0.0	0.0	0.0	0.0	0.0	0.0	0.0	0.0	0.0002679	0.0	0.0	0.0	0.0	0.0	0.0	0.0
k__Bacteria;p__Firmicutes;c__Bacilli;o__Bacillales;f__Listeriaceae	0.0	0.0	0.0	0.0	0.0	0.0	0.0	0.0	0.0	0.0	0.0	0.0	0.0	0.0	0.0	0.0	0.0	0.0	0.0	0.0	0.0	0.0	0.0	0.0	0.0	0.0	0.0	0.0	0.0	0.0	0.00142254992887	0.0	0.0	0.0	0.0	0.0	0.0	0.0	0.0	0.0	0.0	0.0
k__Bacteria;p__Firmicutes;c__Bacilli;o__Bacillales;f__Planococcaceae	0.0	0.0	0.0	0.0	0.0	0.0	0.0	0.0	0.0	0.0	0.0	0.0	0.0	0.0	0.0	0.0	0.0	0.0	0.0	0.0	0.0	0.0	0.0	0.0	0.0	0.0	0.0	0.0	0.0	0.0	0.00143304992835	0.0	0.0	0.0	0.0	0.0	0.0	0.0	0.0	0.0	0.0	0.0
k__Bacteria;p__Firmicutes;c__Bacilli;o__Bacillales;f__Staphylococcaceae	0.0765008	0.0159112952266	0.0	0.0688482137696	0.284905571509	0.00391369882589	0.113610777278	0.0	0.0023784995243	0.236570870971	0.04346658696	0.0	0.00770420077042	0.0025529992341	0.1658069	0.0	0.0	0.0082065	0.0028886	0.00303070030307	0.0	0.0	0.046430090714	0.0	0.0301339909598	0.0051813	0.119735176053	0.0210011042002	0.0100465040186	0.00876189912381	0.0246105987695	0.0943284094328	0.0110924977815	0.0988989802202	0.1638347	0.130089586991	0.0	0.0300328969967	0.0	0.00155719984428	0.0788714921129	0.00615320061532
k__Bacteria;p__Firmicutes;c__Bacilli;o__Lactobacillales;f__Aerococcaceae	0.0	0.0	0.0	0.00101970020394	0.0	0.0	0.0	0.0	0.0	0.00083390025017	0.0	0.0	0.0	0.0	0.0	0.0	0.0	0.0	0.0	0.00039620003962	0.0	0.0	0.0	0.0	0.0	0.0	0.0	0.0	0.0	0.0	0.0	0.0	0.0	0.0	0.002091	0.00862479913752	0.0	0.0	0.0	0.0	0.0	0.0
k__Bacteria;p__Firmicutes;c__Bacilli;o__Lactobacillales;f__Carnobacteriaceae	0.0	0.0	0.0	0.0	0.0	0.0	0.0	0.0	0.0	0.0	0.0	0.0	0.0	0.0	0.0	0.0285925057185	0.0	0.0	0.0	0.0	0.0	0.0	0.0	0.0	0.0	0.0	0.00318429936314	0.0	0.0	0.0	0.0	0.0	0.0	0.0	0.0	0.0	0.0	0.0352072964793	0.0	0.0	0.0	0.0
k__Bacteria;p__Firmicutes;c__Bacilli;o__Lactobacillales;f__Enterococcaceae	0.0	0.0	0.0	0.0	0.0	0.0	0.0	0.0	0.0	0.00651840195552	0.0	0.0	0.0	0.0	0.0314358	0.0	0.0	0.0	0.0	0.00121280012128	0.0	0.0	0.0	0.0	0.0	0.0	0.0	0.0	0.0	0.0	0.00979344951033	0.0	0.0	0.0	0.0	0.0	0.0665684066568	0.0	0.0	0.0	0.0	0.0
k__Bacteria;p__Firmicutes;c__Bacilli;o__Lactobacillales;f__Lactobacillaceae	0.044927	0.00592079822376	0.00509979898004	0.0031615006323	0.0	0.00240879927736	0.029634894073	0.0	0.0	0.0	0.0292210912337	0.0	0.0	0.0	0.0	0.0	0.0	0.0	0.0	0.0	0.0	0.0	0.0090694981861	0.0	0.0220307933908	0.0	0.121084575783	0.0131369026274	0.00247330098932	0.0	0.0201426489929	0.0182554018255	0.00219119956176	0.0156493968701	0.0101591	0.125763887424	0.0	0.544336245566	0.0835559916444	0.00047419995258	0.0	0.0038820003882
k__Bacteria;p__Firmicutes;c__Bacilli;o__Lactobacillales;f__Leuconostocaceae	0.0	0.0	0.0	0.0	0.0	0.0	0.0	0.0	0.0	0.0	0.0	0.0	0.0	0.0	0.0	0.0	0.0	0.0	0.0	0.0	0.0	0.0	0.0	0.0	0.0	0.0	0.0	0.0	0.0	0.00329439967056	0.0	0.0	0.00020619995876	0.0	0.0018528	0.0	0.0	0.0	0.00424819957518	0.0	0.0	0.0
k__Bacteria;p__Firmicutes;c__Bacilli;o__Lactobacillales;f__Streptococcaceae	0.0	0.220251933924	0.00573809885238	0.00848660169732	0.0	0.00501039849688	0.00926579814684	0.0	0.0	0.0	0.0	0.0	0.0	0.0	0.0	0.00242460048492	0.0	0.0	0.0	0.0	0.0	0.0	0.0	0.0	0.0	0.0	0.0372919925416	0.00449580089916	0.0	0.135150086485	0.00254429987279	0.0	0.0	0.00496019900796	0.0183086	0.0287429971257	0.0	0.00162289983771	0.0	0.0111709988829	0.0	0.00647770064777
k__Bacteria;p__Firmicutes;c__Clostridia;o__Clostridiales;f__Clostridiales_Family_XIII_Incertae_Sedis	0.0	0.0	0.0	0.0	0.0	0.0	0.0	0.0	0.0	0.0	0.0	0.0	0.0	0.0	0.0	0.0	0.0	0.0	0.0	0.00206040020604	0.0	0.0	0.0	0.0	0.0	0.0	0.0	0.0	0.0	0.0	0.0	0.0	0.0	0.0	0.0	0.0	0.0	0.0	0.0	0.0	0.0	0.0
k__Bacteria;p__Firmicutes;c__Clostridia;o__Clostridiales;f__Clostridiales_Family_XI_Incertae_Sedis	0.0	0.0	0.0	0.00357040071408	0.0	0.00196759940972	0.0109583978083	0.0	0.0	0.0012490003747	0.0	0.0	0.0	0.0	0.0	0.0	0.0	0.0	0.0	0.16520371652	0.0	0.0	0.0	0.0	0.0	0.0	0.0409279918144	0.00139760027952	0.0	0.00245459975454	0.00629019968549	0.00857670085767	0.00256669948666	0.00626329874734	0.0061827	0.0191505980849	0.0	0.0	0.0	0.0	0.0	0.0
k__Bacteria;p__Firmicutes;c__Clostridia;o__Clostridiales;f__Eubacteriaceae	0.0	0.0	0.0	0.0	0.0	0.0	0.00013089997382	0.0	0.0	0.00080080024024	0.0	0.0	0.0	0.0	0.0	0.0	0.0	0.0	0.0	0.00515860051586	0.0	0.0	0.0147067970586	0.0	0.0	0.0	0.00512189897562	0.0	0.0	0.0	0.0	0.0	0.00290489941902	0.0	0.0039198	0.0	0.0	0.0	0.0	0.0	0.0	0.0
k__Bacteria;p__Firmicutes;c__Clostridia;o__Clostridiales;f__Lachnospiraceae	0.0	0.0	0.0	0.0	0.0	0.0	0.0	0.0	0.0	0.0	0.0	0.0	0.0	0.0	0.0	0.0	0.0	0.0	0.0	0.00369140036914	0.0	0.020984	0.0	0.0	0.0	0.0	0.0	0.0	0.0	0.0	0.0	0.0	0.0	0.0	0.001229	0.0	0.0	0.0178429982157	0.0	0.0	0.0594148940585	0.0
k__Bacteria;p__Firmicutes;c__Clostridia;o__Clostridiales;f__Ruminococcaceae	0.0	0.0	0.0	0.0	0.0	0.0	0.0	0.0234650023465	0.0	0.0	0.0	0.0	0.0047740004774	0.0	0.0	0.0	0.0	0.0	0.0	0.00593730059373	0.0	0.0	0.0045279990944	0.0	0.0	0.0	0.0047754990449	0.0	0.0	0.0	0.0	0.0	0.00198019960396	0.0	0.0066991	0.0	0.0	0.0119962988004	0.0	0.0	0.0	0.0
k__Bacteria;p__Firmicutes;c__Negativicutes;o__Selenomonadales;f__Veillonellaceae	0.0	0.00483309855007	0.0	0.00075680015136	0.0	0.0	0.00071429985714	0.0	0.0	0.0	0.0	0.0	0.0	0.0	0.0	0.0	0.0	0.0	0.0	0.0	0.0	0.0	0.0	0.0	0.0	0.0	0.005324998935	0.0	0.0	0.0	0.0	0.0	0.0	0.0	0.0013685	0.00505279949472	0.0	0.0	0.0	0.0	0.0	0.0
k__Bacteria;p__Proteobacteria;c__Alphaproteobacteria;o__Caulobacterales;f__Caulobacteraceae	0.0	0.0447905865628	0.0168883966223	0.0178189035638	0.0	0.0237982928605	0.00437669912466	0.0	0.0160670967866	0.00204790061437	0.00994389701683	0.070080092992	0.0201130020113	0.0102641969207	0.0180684	0.0193409038682	0.0	0.0	0.0163846	0.00994070099407	0.0230453046091	0.0318517	0.0389516922097	0.0	0.0435885869234	0.0	0.0	0.0157080031416	0.020277408111	0.0139532986047	0.0125263493737	0.00741770074177	0.0375231924954	0.00592359881528	0.0104224	0.0	0.0228987022899	0.00438589956141	0.0	0.0239764976024	0.0	0.0236110023611
k__Bacteria;p__Proteobacteria;c__Alphaproteobacteria;o__Rhizobiales;f__Aurantimonadaceae	0.0	0.0	0.0	0.0	0.0	0.0	0.0	0.0	0.0	0.0	0.0	0.0	0.0	0.0	0.0	0.0	0.0	0.0	0.0075239	0.0	0.0	0.0	0.0	0.0	0.0	0.0	0.0	0.0	0.0	0.0	0.0	0.0	0.0	0.0	0.0	0.0	0.0	0.0	0.0	0.0	0.0	0.0
k__Bacteria;p__Proteobacteria;c__Alphaproteobacteria;o__Rhizobiales;f__Bartonellaceae	0.0	0.0	0.0	0.0	0.0	0.0	0.0	0.0	0.0	0.0	0.0	0.0138586986141	0.0	0.0	0.0	0.0	0.0	0.0	0.0	0.0	0.0	0.0	0.0	0.0	0.0	0.0	0.0	0.0	0.0	0.0	0.0	0.0	0.0	0.0	0.0	0.0	0.0	0.0	0.0	0.0	0.0	0.0
k__Bacteria;p__Proteobacteria;c__Alphaproteobacteria;o__Rhizobiales;f__Bradyrhizobiaceae	0.0	0.0	0.00746489850702	0.00538740107748	0.0	0.0	0.0	0.0	0.0	0.0	0.0	0.0	0.0	0.00509709847087	0.0	0.0	0.0	0.0	0.0	0.00403270040327	0.0	0.0	0.0	0.0	0.0	0.0	0.0	0.0	0.0	0.0	0.00130419993479	0.0	0.0	0.0	0.0013182	0.0	0.0	0.0	0.0	0.0	0.0164117983588	0.0
k__Bacteria;p__Proteobacteria;c__Alphaproteobacteria;o__Rhizobiales;f__Hyphomicrobiaceae	0.0	0.0	0.0202696959461	0.0	0.0	0.0	0.0	0.0	0.0	0.0	0.0	0.0	0.0	0.0	0.0	0.0	0.0	0.0	0.0	0.00219260021926	0.0	0.0	0.0	0.0	0.0142995957101	0.0	0.0	0.0102977020595	0.0095665038266	0.00726519927348	0.00171419991429	0.0	0.0	0.0	0.0	0.0	0.0	0.0	0.0	0.0	0.0	0.00621920062192
k__Bacteria;p__Proteobacteria;c__Alphaproteobacteria;o__Rhizobiales;f__Methylobacteriaceae	0.0	0.0	0.0	0.0	0.0	0.0	0.0	0.0	0.0	0.0	0.0	0.0	0.0	0.00199749940075	0.0	0.0	0.0	0.0	0.0	0.0131130013113	0.0	0.0	0.0	0.0	0.0	0.0	0.0	0.0	0.0	0.0	0.0	0.0	0.0	0.0	0.0	0.0	0.0	0.0	0.0	0.0	0.0	0.0
k__Bacteria;p__Proteobacteria;c__Alphaproteobacteria;o__Rhizobiales;f__Rhizobiaceae	0.0	0.0	0.0	0.0	0.0	0.0	0.0	0.0	0.0	0.0	0.0	0.0	0.0	0.0	0.0	0.0	0.0	0.0	0.0	0.00244790024479	0.0	0.0	0.0	0.0	0.0	0.0	0.0	0.0	0.0	0.0	0.0	0.0	0.0009379998124	0.0	0.0	0.0	0.0	0.0	0.0	0.0	0.0	0.0
k__Bacteria;p__Proteobacteria;c__Alphaproteobacteria;o__Rhizobiales;f__Rhodobiaceae	0.0	0.0	0.0	0.0	0.0	0.00848159745552	0.0	0.0	0.0	0.0	0.0	0.0	0.0	0.0	0.0	0.0	0.0	0.0	0.0	0.0	0.0	0.0	0.0	0.0	0.0	0.0	0.0	0.0	0.0113830045532	0.0	0.0	0.0	0.0	0.0128815974237	0.0	0.0	0.0	0.0	0.0	0.0	0.0	0.00740010074001
k__Bacteria;p__Proteobacteria;c__Alphaproteobacteria;o__Rhodobacterales;f__Rhodobacteraceae	0.0	0.0	0.0	0.00203870040774	0.0	0.00199829940051	0.00504939899012	0.0	0.0	0.0130462039139	0.0	0.0	0.0	0.0503116849065	0.0	0.0	0.0	0.0	0.0026137	0.00996620099662	0.0	0.0	0.0	0.0	0.0	0.0	0.0	0.0014795002959	0.00396660158664	0.0	0.00347924982604	0.0	0.00598279880344	0.0	0.0086957	0.0	0.0	0.0	0.0	0.0	0.0	0.0
k__Bacteria;p__Proteobacteria;c__Alphaproteobacteria;o__Rhodospirillales;f__Acetobacteraceae	0.0	0.0230796930761	0.0	0.0	0.0	0.00318079904576	0.00100969979806	0.0	0.0	0.0	0.0	0.0	0.00853570085357	0.00828239751528	0.0	0.0	0.0	0.0	0.0014923	0.139549313955	0.00487280097456	0.0	0.0	0.0	0.00336569899029	0.0	0.0	0.00692130138426	0.00468920187568	0.0016779998322	0.00587749970613	0.0	0.0115589976882	0.0	0.0035816	0.0	0.0	0.0	0.0	0.0	0.0	0.0
k__Bacteria;p__Proteobacteria;c__Alphaproteobacteria;o__Rhodospirillales;f__Rhodospirillaceae	0.0	0.0	0.0	0.0	0.0	0.0	0.0	0.0	0.0	0.0	0.0	0.0235848976415	0.0	0.0	0.0	0.0	0.0	0.0	0.0	0.00291180029118	0.0	0.0	0.0	0.0	0.0	0.0	0.0	0.0	0.0	0.0	0.0	0.0	0.0	0.0	0.0	0.0	0.0	0.0	0.0	0.0	0.0	0.0
k__Bacteria;p__Proteobacteria;c__Alphaproteobacteria;o__Rickettsiales;f__Anaplasmataceae	0.0760947	0.0015649995305	0.0	0.008915001783	0.0	0.0	0.0	0.238710323871	0.00609429878114	0.0	0.0	0.00902009909799	0.0	0.0	0.0	0.0	0.15110408489	0.1154101	0.0	0.0	0.13960232792	0.0	0.0	0.0	0.00256689922993	0.0	0.0	0.0	0.0	0.0	0.00583864970807	0.0	0.0	0.0	0.0	0.0203185979681	0.0	0.0	0.0265835973416	0.0	0.00256359974364	0.0147854014785
k__Bacteria;p__Proteobacteria;c__Alphaproteobacteria;o__Rickettsiales;f__Rickettsiaceae	0.0	0.012023496393	0.0	0.0	0.0	0.00237749928675	0.0	0.0485779048578	0.0	0.0158731047619	0.0657338802798	0.0	0.0	0.00589779823066	0.0	0.0	0.647813135219	0.0092503	0.0026669	0.0264571026457	0.108535221707	0.0	0.0	0.0	0.00900969729709	0.0	0.0	0.0	0.0	0.0144814985519	0.0127507493625	0.0797372079737	0.00199229960154	0.0	0.0	0.0328857967114	0.0	0.0	0.0	0.0	0.0	0.0
k__Bacteria;p__Proteobacteria;c__Alphaproteobacteria;o__Sphingomonadales;f__Sphingomonadaceae	0.0	0.0	0.00593619881276	0.0	0.0	0.0154463953661	0.0	0.0	0.0115768976846	0.00099230029769	0.0	0.00528419947158	0.00376920037692	0.00287059913882	0.0	0.0	0.0	0.0	0.0017784	0.00805460080546	0.0220566044113	0.0099679	0.0	0.0	0.0	0.0	0.0	0.0116712023342	0.0116527046611	0.0	0.000378049981098	0.0	0.013714997257	0.00330309933938	0.0031931	0.0	0.00808560080856	0.0	0.0	0.00447759955224	0.0	0.0
k__Bacteria;p__Proteobacteria;c__Betaproteobacteria;o__Burkholderiales;f__Alcaligenaceae	0.0	0.0	0.0	0.0	0.0	0.0	0.0	0.0	0.0	0.0	0.0	0.0	0.0	0.0	0.0	0.0	0.0	0.0272459	0.0	0.0	0.0	0.0	0.0	0.0	0.0	0.0	0.0	0.0	0.0	0.0	0.0	0.0	0.0	0.0	0.0	0.0	0.0	0.0	0.0	0.0	0.0	0.0
k__Bacteria;p__Proteobacteria;c__Betaproteobacteria;o__Burkholderiales;f__Burkholderiaceae	0.0	0.0	0.0	0.0	0.0	0.0	0.0	0.0	0.0	0.0	0.0	0.0	0.0	0.0	0.0	0.0	0.0	0.0	0.0	0.0	0.0311334062267	0.0	0.0	0.0	0.0	0.0	0.0	0.0161729032346	0.0	0.0	0.00571359971432	0.0	0.0	0.0	0.0	0.0	0.0	0.0	0.0	0.0	0.0	0.0
k__Bacteria;p__Proteobacteria;c__Betaproteobacteria;o__Burkholderiales;f__Burkholderiales_noname	0.0	0.0	0.0	0.0	0.0	0.0	0.0	0.0	0.0	0.0	0.0	0.0	0.0	0.0	0.0	0.0307504061501	0.0	0.0	0.0	0.0	0.0	0.0	0.0	0.0	0.0	0.0	0.0	0.0	0.0	0.0	0.0	0.0	0.0	0.0	0.0	0.0	0.0	0.0	0.0	0.0	0.0	0.0
k__Bacteria;p__Proteobacteria;c__Betaproteobacteria;o__Burkholderiales;f__Comamonadaceae	0.0167749	0.0054829983551	0.00912239817552	0.0169628033926	0.0	0.0140749957775	0.0038064992387	0.0	0.00618809876238	0.00093080027924	0.0179723946083	0.0173711982629	0.00576710057671	0.00263409920977	0.0079533	0.0131993026399	0.0143742985626	0.0	0.0043764	0.00340370034037	0.0	0.0078509	0.0295362940927	0.0	0.00644019806794	0.0	0.0	0.0073185014637	0.00483360193344	0.032339696766	0.00546899972655	0.0	0.0241766951647	0.00833329833334	0.0037398	0.0	0.0	0.00537339946266	0.0	0.0219182978082	0.0	0.010460001046
k__Bacteria;p__Proteobacteria;c__Betaproteobacteria;o__Burkholderiales;f__Oxalobacteraceae	0.0114275	0.0152896954131	0.0556562888687	0.0139161027832	0.0	0.117817464655	0.0186514962697	0.0425843042584	0.0711867857626	0.0109210032763	0.0433319870004	0.0823205917679	0.151594815159	0.145802856259	0.0450419	0.0436335087267	0.00661209933879	0.0	0.0326128	0.00815690081569	0.0886876177375	0.0276967	0.0160294967941	0.0	0.0461249861625	0.0	0.00370619925876	0.0454513090903	0.047509919004	0.0986684901332	0.0341630982918	0.0332221033222	0.133775373245	0.0220056955989	0.0319815	0.0152748984725	0.0312582031258	0.00713219928678	0.0255705974429	0.0864384913562	0.0	0.0417257041726
k__Bacteria;p__Proteobacteria;c__Betaproteobacteria;o__Gallionellales;f__Gallionellaceae	0.0	0.0	0.0	0.0	0.0	0.0	0.00601609879678	0.0	0.0	0.0	0.0	0.0	0.0	0.0	0.0	0.0	0.0	0.0	0.0	0.0	0.0	0.0	0.0	0.0	0.0	0.0	0.0	0.0	0.0	0.0	0.0	0.0	0.0	0.0	0.0	0.0	0.0	0.0	0.0	0.0	0.0	0.0
k__Bacteria;p__Proteobacteria;c__Betaproteobacteria;o__Methylophilales;f__Methylophilaceae	0.0	0.0	0.0	0.0	0.0	0.0	0.0	0.0	0.0	0.0	0.0	0.0	0.0	0.0	0.0	0.0	0.0	0.0	0.0	0.0	0.0	0.0	0.0	0.0	0.0	0.0	0.0	0.0	0.0	0.0	0.000886149955693	0.0	0.0	0.0	0.0	0.0	0.0	0.0	0.0	0.0	0.0	0.0
k__Bacteria;p__Proteobacteria;c__Betaproteobacteria;o__Neisseriales;f__Neisseriaceae	0.0	0.0	0.0	0.0	0.0	0.0	0.0	0.0	0.0	0.0	0.0	0.0	0.0	0.0	0.0	0.0	0.0	0.0	0.0	0.0	0.0	0.0	0.0	0.0	0.0	0.0	0.00303389939322	0.0	0.0	0.0	0.0	0.0	0.0	0.0	0.0	0.0	0.0	0.0	0.0	0.0	0.0	0.0
k__Bacteria;p__Proteobacteria;c__Gammaproteobacteria;o__Aeromonadales;f__Aeromonadaceae	0.0	0.0	0.0	0.0	0.0	0.0	0.0	0.0336681033668	0.0	0.0	0.0	0.0	0.0	0.0	0.0	0.0	0.0	0.0	0.0	0.0	0.0	0.0	0.0	0.0	0.0	0.0	0.0	0.0	0.0	0.0	0.0	0.0	0.0	0.0	0.0	0.0	0.0	0.0	0.0	0.0	0.0	0.0
k__Bacteria;p__Proteobacteria;c__Gammaproteobacteria;o__Enterobacteriales;f__Enterobacteriaceae	0.1132654	0.119512864146	0.0	0.0875184175037	0.0	0.00708259787522	0.0	0.0591728059173	0.10105127979	0.00320950096285	0.0	0.0301992969801	0.0	0.0	0.0150595	0.0578709115742	0.0	0.1818065	0.3086674	0.0224533022453	0.0	0.0570014	0.00622639875472	0.0	0.151049854685	0.0	0.0	0.0	0.104541141816	0.00488049951195	0.481023875949	0.262716126272	0.00594289881142	0.010135097973	0.0074959	0.0785072921493	0.0	0.00638749936125	0.180783581922	0.0474753952525	0.0466863953314	0.0169833016983
k__Bacteria;p__Proteobacteria;c__Gammaproteobacteria;o__Pasteurellales;f__Pasteurellaceae	0.0	0.0	0.0	0.0	0.0	0.0	0.0	0.0	0.0	0.0	0.0	0.0	0.0	0.0	0.0	0.0	0.0	0.0	0.0	0.0	0.0	0.0	0.0	0.0	0.0	0.0	0.00166729966654	0.0	0.0	0.0	0.0	0.0	0.0	0.0	0.0	0.0	0.0	0.0	0.0	0.0	0.0	0.0
k__Bacteria;p__Proteobacteria;c__Gammaproteobacteria;o__Pseudomonadales;f__Moraxellaceae	0.0	0.0136613959016	0.0369929926014	0.0224170044834	0.0	0.0982761705171	0.037864892427	0.0	0.0268180946364	0.378559413568	0.0269435919169	0.00513829948617	0.0197840019784	0.375952487214	0.0087742	0.0141839028368	0.0	0.4793258	0.004797	0.324216732422	0.0	0.039572	0.0198364960327	0.0	0.00049459985162	0.0	0.0038074992385	0.0241365048273	0.0177630071052	0.240931075907	0.0537900473105	0.011560101156	0.0957864808427	0.0325739934852	0.079919	0.0193879980612	0.0	0.0	0.0	0.00664079933592	0.0	0.0059180005918
k__Bacteria;p__Proteobacteria;c__Gammaproteobacteria;o__Pseudomonadales;f__Pseudomonadaceae	0.2627504	0.142406857278	0.108172578365	0.138557927712	0.0	0.114119865764	0.0078354984329	0.11150061115	0.246622350676	0.00609840182952	0.139158058253	0.284330371567	0.0907394090739	0.0412715876185	0.0808832	0.0887859177572	0.0	0.0914936	0.0774612	0.0585059058506	0.0705276141055	0.2459414	0.119732276054	0.0	0.0763118771064	0.6177105	0.0178703964259	0.0549555109911	0.0680709272284	0.142163085784	0.0478410476079	0.289258428926	0.151563869687	0.0192580961484	0.0205127	0.0739715926028	0.340323234032	0.02489969751	0.243516175648	0.212831478717	0.261137373886	0.0995687099569
k__Bacteria;p__Proteobacteria;c__Gammaproteobacteria;o__Xanthomonadales;f__Sinobacteraceae	0.0	0.0	0.0	0.0	0.0	0.0	0.0	0.0	0.0	0.0	0.0	0.0	0.0	0.0	0.0	0.0	0.0	0.0	0.0	0.0	0.0	0.0	0.0	0.0	0.0	0.0	0.0	0.0	0.0	0.0	0.0	0.0	0.0	0.0	0.0	0.0	0.0	0.0	0.0	0.0	0.0376893962311	0.0
k__Bacteria;p__Proteobacteria;c__Gammaproteobacteria;o__Xanthomonadales;f__Xanthomonadaceae	0.0	0.0	0.0	0.00186620037324	0.0	0.00379059886282	0.0	0.0	0.00053389989322	0.0	0.0	0.00262169973783	0.00544440054444	0.0	0.0	0.00620440124088	0.0	0.0	0.0007003	0.00621240062124	0.0	0.0015519	0.0	0.0	0.0	0.0	0.0	0.001740000348	0.00631290252516	0.011629898837	0.00029059998547	0.0	0.00693469861306	0.0	0.0	0.0	0.0	0.0	0.0	0.00360909963909	0.0	0.00257790025779
k__Eukaryota;p__Ascomycota;c__Eurotiomycetes;o__Eurotiales;f__Aspergillaceae	0.0	0.0	0.0	0.00404730080946	0.0	0.0	0.0	0.0	0.0	0.0	0.0	0.0	0.0	0.0	0.0	0.0	0.0	0.0	0.0	0.0	0.0	0.0	0.0	0.0	0.0	0.0	0.0	0.0	0.0	0.0	0.00207939989603	0.0	0.0	0.0	0.0	0.0	0.0	0.0	0.0	0.0	0.0	0.0
k__Eukaryota;p__Basidiomycota;c__Exobasidiomycetes;o__Malasseziales;f__Malasseziaceae	0.0	0.0	0.0	0.0	0.0	0.0	0.00124009975198	0.0	0.0	0.0	0.0	0.0	0.0	0.0	0.0	0.0	0.0	0.0	0.0	0.0	0.0	0.0	0.0	0.0	0.0	0.0	0.0	0.0	0.0	0.0	0.0	0.0	0.0	0.0	0.0	0.0	0.0	0.0	0.0	0.0	0.0	0.0
k__Viruses;p__Viruses_noname;c__Viruses_noname;o__Caudovirales;f__Myoviridae	0.0	0.0	0.0	0.0	0.0	0.0	0.0	0.0	0.0	0.0	0.0	0.0	0.0	0.0	0.0	0.0	0.0	0.0	0.2132944	0.0	0.0	0.0	0.0	0.0	0.0	0.0	0.0	0.0	0.0	0.0	0.0	0.0	0.0	0.0	0.0	0.0	0.0	0.0	0.0	0.0	0.0	0.0
k__Viruses;p__Viruses_noname;c__Viruses_noname;o__Caudovirales;f__Podoviridae	0.0	0.0	0.0	0.191881538376	0.0	0.0	0.0	0.0	0.0	0.0	0.0	0.0	0.0	0.0	0.0	0.0	0.0	0.0	0.0	0.0	0.0	0.0	0.0	0.0	0.0	0.0	0.0	0.0	0.0	0.0	0.0	0.0	0.0	0.0	0.0	0.0	0.0	0.0	0.0	0.0	0.0	0.180640518064
k__Viruses;p__Viruses_noname;c__Viruses_noname;o__Caudovirales;f__Siphoviridae	0.0	0.0	0.0717193856561	0.0	0.0	0.00252209924337	0.145259470948	0.0	0.00735809852838	0.00173730052119	0.0	0.0	0.00451210045121	0.0261822921453	0.0	0.0	0.0	0.0	0.0	0.0	0.0	0.0122296	0.00793839841232	0.0	0.0	0.0	0.0142178971564	0.0241453048291	0.00338490135396	0.00128529987147	0.0	0.0	0.0	0.0	0.0048697	0.00367829963217	0.0	0.0027349997265	0.0	0.00661449933855	0.0	0.00220050022005
k__Viruses;p__Viruses_noname;c__Viruses_noname;o__Viruses_noname;f__Inoviridae	0.0	0.0214774935568	0.0	0.0	0.0	0.0	0.0	0.0	0.0	0.0	0.0	0.0	0.0136851013685	0.0	0.0	0.0	0.0	0.0	0.0	0.0	0.0	0.0	0.0240769951846	0.0	0.0	0.0	0.0	0.0	0.0	0.0	0.0	0.0	0.0	0.0	0.0	0.0	0.0	0.0	0.0	0.0	0.0	0.0
k__Viruses;p__Viruses_noname;c__Viruses_noname;o__Viruses_noname;f__Papillomaviridae	0.0	0.0	0.0	0.0	0.0	0.0	0.0	0.0	0.0	0.0496450148935	0.0	0.0	0.0	0.0	0.0	0.0	0.0	0.0	0.0	0.0	0.0	0.0	0.0	0.0	0.0	0.0	0.0	0.0	0.0	0.0	0.0	0.0	0.0	0.0	0.0419258	0.0	0.0	0.0	0.0	0.0	0.0	0.0
k__Viruses;p__Viruses_noname;c__Viruses_noname;o__Viruses_noname;f__Retroviridae	0.0	0.0	0.0	0.0	0.0	0.0	0.0	0.0	0.0	0.0	0.0	0.0	0.0	0.0	0.0	0.0	0.0	0.0	0.0	0.0	0.0	0.0	0.0	0.0	0.0	0.0	0.00465579906884	0.0	0.0	0.0	0.0	0.0	0.0	0.0	0.0	0.0	0.0	0.0	0.0	0.0	0.0	0.0
