Taxon	AAGAGGCA.AGAGGATA	AAGAGGCA.ATAGAGAG	AAGAGGCA.CTCCTTAC	AGGCAGAA.AGAGGATA	AGGCAGAA.ATAGAGAG	AGGCAGAA.CTCCTTAC	AGGCAGAA.TACTCCTT	AGGCAGAA.TATGCAGT	ATCTCAGG.AGAGGATA	ATCTCAGG.ATAGAGAG	CGTACTAG.AGAGGATA	CGTACTAG.ATAGAGAG	CGTACTAG.CTCCTTAC	CGTACTAG.TACTCCTT	CGTACTAG.TATGCAGT	CTCTCTAC.AGAGGATA	CTCTCTAC.ATAGAGAG	CTCTCTAC.CTCCTTAC	CTCTCTAC.TATGCAGT	GCTCATGA.CTCCTTAC	GCTCATGA.TATGCAGT	GGACTCCT.AGAGGATA	GGACTCCT.CTCCTTAC	GGACTCCT.TACTCCTT	GGACTCCT.TATGCAGT	GTAGAGGA.AGAGGATA	GTAGAGGA.ATAGAGAG	GTAGAGGA.CTCCTTAC	GTAGAGGA.TATGCAGT	TAAGGCGA.AGAGGATA	TAAGGCGA.ATAGAGAG	TAAGGCGA.CTCCTTAC	TAAGGCGA.TACTCCTT	TAAGGCGA.TATGCAGT	TAGGCATG.AGAGGATA	TAGGCATG.ATAGAGAG	TAGGCATG.TATGCAGT	TCCTGAGC.AGAGGATA	TCCTGAGC.ATAGAGAG	TCCTGAGC.CTCCTTAC	TCCTGAGC.TACTCCTT	TCCTGAGC.TATGCAGT
k__Bacteria;p__Acidobacteria	0.0	0.0105125968462	0.0125191974962	0.0239943047989	0.0	0.00374419887674	0.00462739907452	0.0	0.0	0.0	0.0410908876727	0.00466429953357	0.0237818023782	0.0	0.0159223	0.0	0.0173134982687	0.0	0.005609	0.0	0.0720347144069	0.0	0.0679393864121	0.0	0.00866029740191	0.0	0.00658979868204	0.0690054138011	0.0	0.0	0.00573284971336	0.0	0.0184288963142	0.0	0.0177617	0.0	0.0287118028712	0.0	0.0	0.00459339954066	0.0	0.00653350065335
k__Bacteria;p__Actinobacteria	0.2575503	0.232021630394	0.500763399847	0.315709163142	0.662834533717	0.306077308177	0.538797292241	0.360387936039	0.304261839148	0.263551779066	0.357475492757	0.183793381621	0.38179753818	0.313811405857	0.4928377	0.421515784303	0.144707985529	0.0835941	0.1853365	0.124593012459	0.286633057327	0.3970384	0.423463415307	1.0	0.467714459686	0.3440486	0.580197183961	0.391575178315	0.492701297081	0.201177079882	0.196736390163	0.148611014861	0.340070931986	0.694984261003	0.4655408	0.295731070427	0.346965434697	0.0710454928955	0.0871256912874	0.215827078417	0.458479154152	0.343878334388
k__Bacteria;p__Bacteroidetes	0.140709	0.0675046797486	0.132077973584	0.0352903070581	0.0	0.201931539421	0.0460535907893	0.0103234010323	0.199862760027	0.0054560016368	0.21076673677	0.247443175256	0.221575122158	0.00442039867388	0.1110551	0.202221040444	0.0	0.0036672	0.1104759	0.0471010047101	0.0962522192504	0.0909389	0.0632496873501	0.0	0.0855349743395	0.0	0.00841619831676	0.20495194099	0.143518557407	0.0178626982137	0.0413032479348	0.0360435036044	0.0963640807272	0.0524611895078	0.061731	0.130942986906	0.155188615519	0.2370021763	0.348616165138	0.348123465188	0.0107938989206	0.209044520904
k__Bacteria;p__Cyanobacteria	0.0	0.00945689716293	0.0	0.00334590066918	0.052259894774	0.0364457890663	0.0	0.0	0.0	0.0	0.0	0.0	0.0	0.0	0.0071617	0.0	0.0	0.0	0.0	0.0	0.0	0.0244986	0.0185726962855	0.0	0.0	0.0	0.0126528974694	0.00973190194638	0.00452040180816	0.019749798025	0.0034380998281	0.0064030006403	0.00823839835232	0.0	0.0	0.0	0.0	0.0	0.0	0.0	0.0	0.0
k__Bacteria;p__Deinococcus_Thermus	0.0	0.0342969897109	0.0115786976843	0.0242691048538	0.0	0.00814349755695	0.0150967969806	0.071609607161	0.0	0.00195830058749	0.0148953955314	0.020289697971	0.0364225036423	0.00265059920482	0.0	0.0712768142554	0.0180748981925	0.0	0.0213207	0.0	0.0566191113238	0.0328766	0.0897123820575	0.0	0.032673490198	0.0330596	0.0057384988523	0.0647064129413	0.0327881131152	0.0372212962779	0.0103907494805	0.00387030038703	0.0208584958283	0.0123681975264	0.0213979	0.0118767988123	0.0	0.0	0.0	0.00427149957285	0.0279519972048	0.011940401194
k__Bacteria;p__Firmicutes	0.1214278	0.246917125925	0.0108378978324	0.0860639172128	0.284905571509	0.0306909907927	0.164315067137	0.0234650023465	0.0023784995243	0.245972973792	0.0726876781937	0.0	0.0124782012478	0.0025529992341	0.1972427	0.0310171062034	0.0	0.0082065	0.0028886	0.186691118669	0.0	0.020984	0.0747343850531	0.0	0.0521647843506	0.0051813	0.337446432511	0.0400314080063	0.0125198050079	0.154713084529	0.0672728966364	0.121160512116	0.0261488947702	0.125771874846	0.2159132	0.317424668258	0.0665684066568	0.641038635896	0.0878041912196	0.0132023986798	0.138286386171	0.0165129016513
k__Bacteria;p__Proteobacteria	0.4803129	0.377812586656	0.260503447899	0.31539846308	0.0	0.410444576867	0.0846102830779	0.534214053421	0.486138802772	0.431678629504	0.303083809075	0.543809445619	0.305747630575	0.650382304885	0.1757805	0.273969254794	0.81990361801	0.9045322	0.4610749	0.641614864161	0.488460897692	0.4214339	0.230312653937	0.0	0.353251994024	0.6177105	0.0300852939829	0.19585243917	0.310566924227	0.567990743201	0.673046366348	0.683911668391	0.489890302022	0.114414477117	0.1708599	0.240346175965	0.402565740257	0.0481786951821	0.476453952355	0.407367659263	0.364488563551	0.229249322925
k__Eukaryota;p__Ascomycota	0.0	0.0	0.0	0.00404730080946	0.0	0.0	0.0	0.0	0.0	0.0	0.0	0.0	0.0	0.0	0.0	0.0	0.0	0.0	0.0	0.0	0.0	0.0	0.0	0.0	0.0	0.0	0.0	0.0	0.0	0.0	0.00207939989603	0.0	0.0	0.0	0.0	0.0	0.0	0.0	0.0	0.0	0.0	0.0
k__Eukaryota;p__Basidiomycota	0.0	0.0	0.0	0.0	0.0	0.0	0.00124009975198	0.0	0.0	0.0	0.0	0.0	0.0	0.0	0.0	0.0	0.0	0.0	0.0	0.0	0.0	0.0	0.0	0.0	0.0	0.0	0.0	0.0	0.0	0.0	0.0	0.0	0.0	0.0	0.0	0.0	0.0	0.0	0.0	0.0	0.0	0.0
k__Viruses;p__Viruses_noname	0.0	0.0214774935568	0.0717193856561	0.191881538376	0.0	0.00252209924337	0.145259470948	0.0	0.00735809852838	0.0513823154147	0.0	0.0	0.0181972018197	0.0261822921453	0.0	0.0	0.0	0.0	0.2132944	0.0	0.0	0.0122296	0.0320153935969	0.0	0.0	0.0	0.0188736962253	0.0241453048291	0.00338490135396	0.00128529987147	0.0	0.0	0.0	0.0	0.0467955	0.00367829963217	0.0	0.0027349997265	0.0	0.00661449933855	0.0	0.182841018284
