Taxon	AAGAGGCA.AGAGGATA	AAGAGGCA.ATAGAGAG	AAGAGGCA.CTCCTTAC	AGGCAGAA.AGAGGATA	AGGCAGAA.ATAGAGAG	AGGCAGAA.CTCCTTAC	AGGCAGAA.TACTCCTT	AGGCAGAA.TATGCAGT	ATCTCAGG.AGAGGATA	ATCTCAGG.ATAGAGAG	CGTACTAG.AGAGGATA	CGTACTAG.ATAGAGAG	CGTACTAG.CTCCTTAC	CGTACTAG.TACTCCTT	CGTACTAG.TATGCAGT	CTCTCTAC.AGAGGATA	CTCTCTAC.ATAGAGAG	CTCTCTAC.CTCCTTAC	CTCTCTAC.TATGCAGT	GCTCATGA.CTCCTTAC	GCTCATGA.TATGCAGT	GGACTCCT.AGAGGATA	GGACTCCT.CTCCTTAC	GGACTCCT.TACTCCTT	GGACTCCT.TATGCAGT	GTAGAGGA.AGAGGATA	GTAGAGGA.ATAGAGAG	GTAGAGGA.CTCCTTAC	GTAGAGGA.TATGCAGT	TAAGGCGA.AGAGGATA	TAAGGCGA.ATAGAGAG	TAAGGCGA.CTCCTTAC	TAAGGCGA.TACTCCTT	TAAGGCGA.TATGCAGT	TAGGCATG.AGAGGATA	TAGGCATG.ATAGAGAG	TAGGCATG.TATGCAGT	TCCTGAGC.AGAGGATA	TCCTGAGC.ATAGAGAG	TCCTGAGC.CTCCTTAC	TCCTGAGC.TACTCCTT	TCCTGAGC.TATGCAGT
k__Bacteria;p__Acidobacteria;c__Acidobacteriia;o__Acidobacteriales;f__Acidobacteriaceae;Other	0.0	0.0	0.0125191974962	0.020274904055	0.0	0.0	0.0	0.0	0.0	0.0	0.0	0.0	0.00284880028488	0.0	0.0	0.0	0.0	0.0	0.005609	0.0	0.0512092102418	0.0	0.0443694911261	0.0	0.00114909965527	0.0	0.00658979868204	0.0581871116374	0.0	0.0	0.0	0.0	0.0152321969536	0.0	0.0054691	0.0	0.0	0.0	0.0	0.00459339954066	0.0	0.0
k__Bacteria;p__Acidobacteria;c__Acidobacteriia;o__Acidobacteriales;f__Acidobacteriaceae;g__Granulicella	0.0	0.0105125968462	0.0	0.00371940074388	0.0	0.00374419887674	0.00462739907452	0.0	0.0	0.0	0.0410908876727	0.00466429953357	0.0	0.0	0.0159223	0.0	0.0	0.0	0.0	0.0	0.0208255041651	0.0	0.023569895286	0.0	0.00751119774664	0.0	0.0	0.0108183021637	0.0	0.0	0.00573284971336	0.0	0.00319669936066	0.0	0.006057	0.0	0.0287118028712	0.0	0.0	0.0	0.0	0.00653350065335
k__Bacteria;p__Acidobacteria;c__Acidobacteriia;o__Acidobacteriales;f__Acidobacteriaceae;g__Terriglobus	0.0	0.0	0.0	0.0	0.0	0.0	0.0	0.0	0.0	0.0	0.0	0.0	0.0209330020933	0.0	0.0	0.0	0.0173134982687	0.0	0.0	0.0	0.0	0.0	0.0	0.0	0.0	0.0	0.0	0.0	0.0	0.0	0.0	0.0	0.0	0.0	0.0062356	0.0	0.0	0.0	0.0	0.0	0.0	0.0
k__Bacteria;p__Actinobacteria;c__Actinobacteria;o__Actinomycetales;f__Actinomycetaceae;g__Actinomyces	0.0	0.00583139825058	0.0	0.0	0.0	0.0	0.0	0.0	0.0	0.0	0.0	0.0	0.0	0.0	0.0	0.0	0.0	0.0	0.0	0.0	0.0	0.0	0.0	0.0	0.0	0.0	0.0	0.0	0.0	0.0	0.0	0.0	0.0	0.0	0.0	0.0	0.0	0.0	0.0	0.0	0.0	0.0
k__Bacteria;p__Actinobacteria;c__Actinobacteria;o__Actinomycetales;f__Actinomycetaceae;g__Varibaculum	0.0	0.0	0.0	0.00071230014246	0.0	0.0	0.0	0.0	0.0	0.0	0.0	0.0	0.0	0.0	0.0	0.0	0.0	0.0	0.0	0.0152709015271	0.0	0.0	0.0	0.0	0.0	0.0	0.0	0.0	0.0	0.0	0.0	0.0	0.0	0.0	0.0	0.0	0.0	0.0	0.0	0.0	0.0	0.0
k__Bacteria;p__Actinobacteria;c__Actinobacteria;o__Actinomycetales;f__Brevibacteriaceae;g__Brevibacterium	0.0	0.0	0.0	0.0	0.0	0.0	0.0118760976248	0.0	0.0	0.00924320277296	0.0	0.0	0.0	0.00805889758233	0.0	0.0	0.0	0.0	0.0	0.0	0.0	0.0	0.0604917879016	0.0	0.0	0.0	0.0135427972914	0.0	0.0	0.00979419902058	0.00490444975478	0.00913380091338	0.0	0.0291889941622	0.0103635	0.0	0.0	0.0	0.0	0.0	0.0	0.0
k__Bacteria;p__Actinobacteria;c__Actinobacteria;o__Actinomycetales;f__Cellulomonadaceae;g__Cellulomonas	0.0	0.0	0.0	0.00352590070518	0.0	0.00252229924331	0.0	0.0	0.0	0.0	0.0	0.00160249983975	0.0	0.00180369945889	0.0	0.0	0.0	0.0	0.0	0.00148960014896	0.0	0.0	0.0	0.0	0.0	0.0	0.0	0.00717190143438	0.00515010206004	0.0	0.0	0.0	0.0	0.0	0.003578	0.0	0.0	0.00081609991839	0.0	0.0	0.0	0.0
k__Bacteria;p__Actinobacteria;c__Actinobacteria;o__Actinomycetales;f__Corynebacteriaceae;g__Corynebacterium	0.0	0.0	0.0	0.0259787051957	0.260871473913	0.00378459886462	0.0194459961108	0.0	0.0	0.0137988041396	0.0	0.0	0.0	0.00100919969724	0.018036	0.00155390031078	0.0	0.0	0.0	0.0150919015092	0.0	0.0	0.0	0.0	0.00594619821614	0.2709097	0.0467232906553	0.00470530094106	0.0107198042879	0.00683309931669	0.0100342494983	0.00559150055915	0.0128518974296	0.0302642939471	0.0513997	0.01579999842	0.0	0.0222844977716	0.0	0.0	0.00453279954672	0.00054560005456
k__Bacteria;p__Actinobacteria;c__Actinobacteria;o__Actinomycetales;f__Dermabacteraceae;Other	0.0	0.0	0.0	0.0	0.0	0.0	0.0	0.0	0.0	0.0252622075787	0.0332140900358	0.0	0.0	0.0	0.0	0.0	0.0	0.0	0.0079561	0.0	0.0	0.0	0.0	0.0	0.0182887945134	0.0	0.0	0.0123896024779	0.0185269074108	0.0	0.0052340497383	0.0	0.0	0.0326404934719	0.0220186	0.0	0.0	0.0	0.0	0.0	0.0	0.0
k__Bacteria;p__Actinobacteria;c__Actinobacteria;o__Actinomycetales;f__Dermabacteraceae;g__Brachybacterium	0.0	0.0	0.0	0.00087780017556	0.0	0.0	0.0108593978281	0.0	0.0	0.0101414030424	0.0	0.0	0.0032190003219	0.0	0.0	0.0	0.0	0.0	0.0	0.0	0.0	0.0060849	0.0	0.0	0.0	0.0	0.0	0.00261190052238	0.0054760021904	0.0	0.00228934988553	0.0	0.00080129983974	0.0125853974829	0.007885	0.0	0.0	0.0	0.0	0.0	0.0	0.00153560015356
k__Bacteria;p__Actinobacteria;c__Actinobacteria;o__Actinomycetales;f__Dermacoccaceae;g__Kytococcus	0.0	0.0	0.0	0.0	0.0	0.0	0.00094079981184	0.0	0.0	0.00030360009108	0.0	0.0	0.0	0.0	0.0	0.0	0.0	0.0	0.0	0.0	0.0	0.0	0.0	0.0	0.0	0.0	0.0	0.0	0.0	0.0	0.0	0.0	0.0	0.0	0.0050625	0.0	0.0	0.0	0.0	0.0	0.0	0.0
k__Bacteria;p__Actinobacteria;c__Actinobacteria;o__Actinomycetales;f__Dermatophilaceae;Other	0.0	0.0	0.0	0.0	0.0	0.00880939735718	0.0108873978225	0.0	0.0	0.0169474050842	0.032226590332	0.0109742989026	0.015760201576	0.0	0.0	0.0	0.0	0.0	0.0	0.00270980027098	0.0	0.0	0.0	0.0	0.0	0.0	0.0	0.0	0.0236460094584	0.0	0.00449614977519	0.0	0.00752129849574	0.0	0.0142511	0.0	0.0337769033777	0.0	0.0	0.0	0.0	0.0
k__Bacteria;p__Actinobacteria;c__Actinobacteria;o__Actinomycetales;f__Dietziaceae;g__Dietzia	0.0	0.0	0.0	0.0	0.0	0.0	0.0137809972438	0.0	0.0	0.00300030090009	0.0	0.0	0.0	0.0	0.0	0.0	0.0	0.0	0.0	0.00012730001273	0.0	0.0	0.0	0.0	0.0	0.0	0.0	0.0	0.0	0.00039329996067	0.00130854993457	0.0	0.00190059961988	0.003914999217	0.0088201	0.0	0.0	0.0	0.0	0.0	0.0	0.0
k__Bacteria;p__Actinobacteria;c__Actinobacteria;o__Actinomycetales;f__Geodermatophilaceae;Other	0.0	0.00420079873976	0.0236881952624	0.0116624023325	0.0	0.0335660899302	0.0093909981218	0.0	0.00416529916694	0.0	0.0390777882767	0.0125920987408	0.0274772027477	0.0855241743427	0.0054048	0.0275080055016	0.00784819921518	0.0038992	0.0140055	0.00058190005819	0.0153718030744	0.026449	0.0590564881887	0.0	0.0337760898672	0.0	0.0	0.0558282111656	0.0260422104169	0.0	0.0128776493561	0.0	0.0236738952652	0.0097029980594	0.0165067	0.00651239934876	0.0505328050533	0.0	0.0162079983792	0.00919709908029	0.015240198476	0.0114728011473
k__Bacteria;p__Actinobacteria;c__Actinobacteria;o__Actinomycetales;f__Geodermatophilaceae;g__Modestobacter	0.0	0.0	0.0	0.0	0.0	0.0	0.0	0.0	0.0	0.0	0.0	0.0	0.0	0.0	0.0	0.0	0.0	0.0	0.0	0.0	0.0	0.0	0.0	0.0	0.0	0.0	0.0	0.00241810048362	0.0	0.0	0.0	0.0	0.0	0.0	0.0	0.0	0.0	0.0	0.0	0.0	0.0	0.0
k__Bacteria;p__Actinobacteria;c__Actinobacteria;o__Actinomycetales;f__Gordoniaceae;g__Gordonia	0.0	0.0	0.0	0.0	0.0	0.0	0.0	0.0	0.0	0.0	0.0	0.0	0.0	0.0282158915352	0.0	0.0	0.0	0.0	0.0	0.0	0.0	0.0	0.0	0.0	0.0	0.0	0.0	0.0	0.0	0.0	0.0	0.0	0.0	0.0	0.000669	0.0	0.0	0.0	0.0	0.0	0.0	0.0
k__Bacteria;p__Actinobacteria;c__Actinobacteria;o__Actinomycetales;f__Intrasporangiaceae;g__Janibacter	0.0	0.0	0.0	0.0	0.0	0.0	0.00251319949736	0.0	0.0	0.0	0.0	0.0	0.0	0.0	0.0	0.0	0.0	0.0	0.0	0.0	0.0	0.0	0.0	0.0	0.0	0.0	0.0	0.0	0.0	0.0	0.0	0.0	0.0	0.00233109953378	0.0035913	0.0	0.0	0.0	0.0	0.0	0.0	0.0
k__Bacteria;p__Actinobacteria;c__Actinobacteria;o__Actinomycetales;f__Intrasporangiaceae;g__Serinicoccus	0.0	0.0	0.0	0.0	0.0	0.0	0.0	0.0	0.0	0.00139970041991	0.0	0.0	0.0	0.0	0.0	0.0	0.0	0.0	0.0	0.0	0.0	0.0	0.0	0.0	0.0	0.0	0.0	0.0	0.0	0.0	0.0	0.0	0.0	0.0	0.0	0.0	0.0	0.0	0.0	0.0	0.0	0.0
k__Bacteria;p__Actinobacteria;c__Actinobacteria;o__Actinomycetales;f__Microbacteriaceae;g__Agromyces	0.0	0.0144202956739	0.00634609873078	0.00162580032516	0.0	0.00724229782731	0.00571409885718	0.0277317027732	0.00447189910562	0.0	0.0	0.0	0.0	0.0	0.0	0.0	0.0	0.0	0.0	0.0	0.0	0.0041372	0.0150929969814	0.0	0.0	0.0	0.0	0.0	0.0	0.0	0.0036380998181	0.0	0.00571889885622	0.0	0.0024312	0.0134848986515	0.0	0.0	0.0	0.0	0.0331145966885	0.0
k__Bacteria;p__Actinobacteria;c__Actinobacteria;o__Actinomycetales;f__Microbacteriaceae;g__Clavibacter	0.0	0.00346689895993	0.213970157206	0.0	0.0	0.118020864594	0.080260083948	0.0417615041762	0.144420571116	0.0	0.0711168786649	0.0959424904058	0.165774016577	0.0	0.116155	0.0766821153364	0.0	0.0	0.0916452	0.0	0.0184960036992	0.013114	0.0	0.0	0.190290542913	0.0	0.0	0.136591327318	0.120572048229	0.0	0.0346953982652	0.0	0.126321974736	0.0392543921491	0.0379176	0.0148443985156	0.110860211086	0.0	0.00593649940635	0.0914482908552	0.0	0.174165517417
k__Bacteria;p__Actinobacteria;c__Actinobacteria;o__Actinomycetales;f__Microbacteriaceae;g__Curtobacterium	0.0107786	0.00584249824725	0.0199225960155	0.00558370111674	0.0	0.00924079722776	0.00587429882514	0.0	0.00737579852484	0.0	0.0	0.0192519980748	0.0343685034369	0.0	0.0094624	0.0046130009226	0.040150395985	0.0	0.006537	0.0	0.0366180073236	0.0005758	0.00359419928116	0.0	0.0138111958566	0.0	0.0	0.00787380157476	0.0137337054935	0.0	0.00359124982044	0.0	0.00933429813314	0.00446819910636	0.008512	0.0	0.0	0.0	0.0	0.0116351988365	0.00161379983862	0.0103162010316
k__Bacteria;p__Actinobacteria;c__Actinobacteria;o__Actinomycetales;f__Microbacteriaceae;g__Leifsonia	0.0	0.0259021922293	0.0580175883965	0.00402640080528	0.0	0.0474604857619	0.0167587966482	0.0354637035464	0.0	0.00314570094371	0.0	0.0169442983056	0.0539969053997	0.0	0.0433811	0.0714295142859	0.0	0.0	0.0237404	0.0	0.0448637089727	0.0195559	0.0507757898448	0.0	0.0682155795353	0.0	0.0	0.03930000786	0.0638913255565	0.00826239917376	0.00993584950321	0.0	0.0290321941936	0.0309867938026	0.0182804	0.0	0.0521514052151	0.00543249945675	0.0564219943578	0.0285376971462	0.0276855972314	0.0460841046084
k__Bacteria;p__Actinobacteria;c__Actinobacteria;o__Actinomycetales;f__Microbacteriaceae;g__Leucobacter	0.0	0.0	0.0	0.0	0.0	0.0	0.0	0.0	0.0	0.0	0.0	0.0	0.0	0.0	0.0	0.0	0.0	0.0	0.0	0.0	0.0285120057024	0.0	0.0	0.0	0.0	0.0	0.0	0.0	0.0	0.00177469982253	0.0	0.0	0.0	0.0	0.0	0.0	0.0	0.0	0.0	0.0	0.0	0.00189480018948
k__Bacteria;p__Actinobacteria;c__Actinobacteria;o__Actinomycetales;f__Micrococcaceae;g__Acaricomes	0.0	0.076216677135	0.0	0.0	0.0	0.0	0.0	0.0	0.0	0.0	0.0	0.0	0.0	0.0	0.0	0.0	0.0	0.0	0.0	0.0	0.0	0.0086401	0.0	0.0	0.0	0.0	0.0	0.00679290135858	0.0376857150743	0.0	0.00317129984144	0.0	0.0	0.0	0.0	0.0	0.0	0.0	0.0	0.0	0.0	0.0
k__Bacteria;p__Actinobacteria;c__Actinobacteria;o__Actinomycetales;f__Micrococcaceae;g__Arthrobacter	0.0	0.0	0.0	0.0	0.0	0.0	0.0	0.0	0.0	0.0	0.0	0.0	0.0	0.0	0.0	0.0	0.0	0.0	0.0	0.0	0.0	0.0	0.0	0.0	0.0	0.0	0.0	0.0	0.0	0.0	0.00158734992063	0.0	0.0	0.0	0.0	0.0	0.0	0.0	0.0	0.0	0.0	0.0
k__Bacteria;p__Actinobacteria;c__Actinobacteria;o__Actinomycetales;f__Micrococcaceae;g__Kocuria	0.0	0.00571489828553	0.0056019988796	0.00698570139714	0.0	0.00200559939832	0.0273694945261	0.0	0.0	0.0625269187581	0.00706579788026	0.0	0.00348730034873	0.106625268012	0.0	0.00663240132648	0.0	0.0	0.0068045	0.0221754022175	0.0	0.0086444	0.0	0.0	0.00150989954703	0.0	0.00369529926094	0.0	0.0173392069357	0.00199949980005	0.00992379950381	0.0	0.0123559975288	0.0417694916461	0.033814	0.0	0.0	0.0	0.0	0.0041479995852	0.0	0.00164870016487
k__Bacteria;p__Actinobacteria;c__Actinobacteria;o__Actinomycetales;f__Micrococcaceae;g__Micrococcus	0.0	0.0	0.00504689899062	0.0119961023992	0.0	0.00957869712639	0.131774173645	0.0	0.0	0.0257305077192	0.0	0.0	0.0	0.00374539887638	0.0	0.0	0.0	0.015442	0.0071764	0.00481570048157	0.0	0.0	0.0	0.0	0.0170805948758	0.0	0.00483489903302	0.00926740185348	0.0259984103994	0.00631929936807	0.0132514493374	0.00055830005583	0.0306413938717	0.124325375135	0.0687687	0.0	0.00344990034499	0.0	0.0	0.0	0.0242751975725	0.0042840004284
k__Bacteria;p__Actinobacteria;c__Actinobacteria;o__Actinomycetales;f__Micrococcaceae;g__Rothia	0.0	0.0	0.0	0.0028115005623	0.0	0.0013659995902	0.00056569988686	0.0	0.0	0.0	0.0	0.0	0.0	0.0	0.0	0.0	0.0	0.0	0.0	0.0	0.0	0.0	0.0	0.0	0.00284849914545	0.0	0.00106009978798	0.0	0.0	0.0	0.0	0.0	0.00079909984018	0.0	0.0010318	0.0	0.0	0.0	0.0	0.0	0.0	0.0
k__Bacteria;p__Actinobacteria;c__Actinobacteria;o__Actinomycetales;f__Micromonosporaceae;g__Actinoplanes	0.0	0.0	0.0320764935847	0.0399092079818	0.0	0.0112088966373	0.0	0.0	0.0	0.0	0.0	0.0	0.0	0.0	0.0	0.0	0.0	0.0	0.0	0.0	0.0	0.0484283	0.0	0.0	0.0	0.0	0.0	0.0172830034566	0.0165227066091	0.0	0.0	0.0	0.0	0.0	0.0	0.0	0.0	0.00710409928959	0.0	0.0	0.0	0.0
k__Bacteria;p__Actinobacteria;c__Actinobacteria;o__Actinomycetales;f__Micromonosporaceae;g__Salinispora	0.0	0.0	0.0	0.0	0.0	0.0	0.0	0.0	0.0	0.0	0.0	0.0	0.0	0.0	0.0	0.0	0.0	0.0	0.0	0.0	0.0	0.0	0.0	0.0	0.0	0.0	0.0	0.0	0.0	0.0	0.0	0.0	0.0	0.0	0.0004624	0.0	0.0	0.0	0.0	0.0	0.0	0.0
k__Bacteria;p__Actinobacteria;c__Actinobacteria;o__Actinomycetales;f__Nocardiaceae;g__Rhodococcus	0.0	0.0	0.0	0.0	0.0	0.0	0.0	0.0	0.0	0.0	0.0	0.0	0.0	0.0468436859469	0.0	0.0	0.0	0.0	0.0	0.0	0.0	0.0	0.0	0.0	0.0	0.0	0.0	0.0	0.0	0.0	0.0001219999939	0.0140961014096	0.0	0.0	0.0	0.0	0.0	0.0	0.0	0.0	0.0	0.00022220002222
k__Bacteria;p__Actinobacteria;c__Actinobacteria;o__Actinomycetales;f__Nocardioidaceae;g__Nocardioides	0.0	0.0	0.00434079913184	0.00823070164614	0.0	0.00629839811048	0.0134412973117	0.0	0.0	0.00080660024198	0.0	0.00960369903963	0.0	0.010543196837	0.0068764	0.0159097031819	0.0	0.0	0.0	0.00096680009668	0.0130082026016	0.0219382	0.0453442909311	0.0	0.00947649715705	0.0	0.0	0.0164481032896	0.00426740170696	0.0118915988108	0.00597144970143	0.0	0.0072469985506	0.00242719951456	0.0072104	0.0	0.0126624012662	0.00104629989537	0.0	0.0	0.0529036947096	0.00269840026984
k__Bacteria;p__Actinobacteria;c__Actinobacteria;o__Actinomycetales;f__Propionibacteriaceae;Other	0.0	0.0	0.0	0.0397166079433	0.0	0.0	0.00306529938694	0.180045418005	0.0374975925005	0.0	0.0	0.0	0.0	0.0154278953716	0.0	0.0612134122427	0.0342231965777	0.0	0.0197816	0.0	0.0	0.0	0.0	0.4231274	0.0	0.0	0.0	0.0	5.370002148e-05	0.0671954932805	0.022679298866	0.0459436045944	0.0	0.0	0.0111546	0.0	0.061780406178	0.00680439931956	0.0	0.0	0.13330048667	0.0
k__Bacteria;p__Actinobacteria;c__Actinobacteria;o__Actinomycetales;f__Propionibacteriaceae;g__Propionibacterium	0.2467717	0.0826383752085	0.123827675234	0.133419126684	0.401963059804	0.0321518903544	0.149509870098	0.0753856075386	0.103746079251	0.0897636269291	0.174144147757	0.011820398818	0.0710079071008	0.00348149895555	0.2909781	0.142181728436	0.0624861937514	0.0642529	0.0055687	0.0556685055669	0.129763325953	0.2326652	0.160892667821	0.5768726	0.0827292751812	0.0731389	0.443506611299	0.0574370114874	0.0876626350651	0.0808383919162	0.0401154979942	0.0506925050693	0.0569684886063	0.316324536735	0.1141558	0.218634478137	0.0217514021751	0.0217162978284	0.0	0.0667637933236	0.165812783419	0.0823280082328
k__Bacteria;p__Actinobacteria;c__Actinobacteria;o__Actinomycetales;f__Pseudonocardiaceae;g__Pseudonocardia	0.0	0.0	0.0	0.0113422022684	0.0	0.0	0.0	0.0	0.0	0.00148180044454	0.0	0.0	0.0	0.0	0.0	0.0	0.0	0.0	0.0	0.0	0.0	0.0	0.00969759806048	0.0	0.00618509814447	0.0	0.0	0.0	0.0	0.00308359969164	0.00309984984501	0.0	0.0	0.00471039905792	0.0051081	0.0	0.0	0.0	0.0	0.0	0.0	0.0
k__Bacteria;p__Actinobacteria;c__Actinobacteria;o__Actinomycetales;f__Tsukamurellaceae;g__Tsukamurella	0.0	0.0	0.0	0.0	0.0	0.0	0.0	0.0	0.0	0.0	0.0	0.0	0.0	0.0	0.0	0.0	0.0	0.0	0.0	0.00285930028593	0.0	0.0	0.0	0.0	0.0	0.0	0.0	0.0	0.0	0.0	0.0	0.0197375019738	0.0	0.0	0.0	0.0	0.0	0.0	0.0	0.0	0.0	0.0
k__Bacteria;p__Actinobacteria;c__Actinobacteria;o__Bifidobacteriales;f__Bifidobacteriaceae;g__Bifidobacterium	0.0	0.0	0.0	0.0	0.0	0.00060569981829	0.0	0.0	0.0	0.0	0.0	0.0	0.0	0.0006269998119	0.0	0.0	0.0	0.0	0.0	0.00283590028359	0.0	0.0	0.0	0.0	0.0	0.0	0.0	0.0	0.0	0.0	0.0	0.0	0.0021774995645	0.0	0.0020767	0.0	0.0	0.0	0.0	0.0	0.0	0.0
k__Bacteria;p__Actinobacteria;c__Actinobacteria;o__Bifidobacteriales;f__Bifidobacteriaceae;g__Gardnerella	0.0	0.00778759766372	0.0	0.00455420091084	0.0	0.00681189795643	0.0229805954039	0.0	0.0	0.0	0.00063019981094	0.0	0.00423150042315	0.0	0.0025439	0.0	0.0	0.0	0.0021211	0.0	0.0	0.0033103	0.0	0.0	0.0175561947331	0.0	0.0645485870903	0.00542120108424	0.0034240013696	0.0	0.00270984986451	0.00285770028577	0.00575629884874	0.0100895979821	0.0061602	0.0264548973545	0.0	0.0	0.0	0.0	0.0	0.00205170020517
k__Bacteria;p__Actinobacteria;c__Actinobacteria;o__Coriobacteriales;f__Coriobacteriaceae;g__Atopobium	0.0	0.0	0.0	0.0	0.0	0.0	0.00178869964226	0.0	0.0	0.0	0.0	0.0	0.0	0.0	0.0	0.0	0.0	0.0	0.0	0.0	0.0	0.0	0.0	0.0	0.0	0.0	0.00228559954288	0.0	0.0	0.0	0.0	0.0	0.0	0.0	0.0	0.0	0.0	0.0	0.0	0.0	0.0	0.0
k__Bacteria;p__Actinobacteria;c__Actinobacteria;o__Coriobacteriales;f__Coriobacteriaceae;g__Collinsella	0.0	0.0	0.0	0.0	0.0	0.0	0.0	0.0	0.0	0.0	0.0	0.0	0.0	0.0	0.0	0.0	0.0	0.0	0.0	0.0	0.0	0.0	0.002354999529	0.0	0.0	0.0	0.0	0.0	0.0	0.0	0.0	0.0	0.0	0.0	0.0004006	0.0	0.0	0.0	0.0	0.0	0.0	0.0
k__Bacteria;p__Actinobacteria;c__Actinobacteria;o__Coriobacteriales;f__Coriobacteriaceae;g__Enterorhabdus	0.0	0.0	0.0	0.0	0.0	0.0	0.0	0.0	0.0	0.0	0.0	0.0	0.0	0.0	0.0	0.0	0.0	0.0	0.0	0.0	0.0	0.0	0.0	0.0	0.0	0.0	0.0	0.0	0.0	0.0	0.0	0.0	0.0	0.0	0.0	0.0	0.0	0.00331459966854	0.0	0.0	0.0	0.0
k__Bacteria;p__Actinobacteria;c__Actinobacteria;o__Solirubrobacterales;Other;Other	0.0	0.0	0.00792489841502	0.00275080055016	0.0	0.00540339837898	0.0	0.0	0.00258459948308	0.0	0.0	0.00506159949384	0.0024750002475	0.00190559942832	0.0	0.0137920027584	0.0	0.0	0.0	0.0	0.0	0.0034951	0.0161625967675	0.0	0.0	0.0	0.0	0.0100354020071	0.0119894047958	0.00279149972085	0.00109949994503	0.0	0.00696879860624	0.0	0.0039108	0.0	0.0	0.00252669974733	0.00855919914408	0.0040969995903	0.0	0.00463070046307
k__Bacteria;p__Bacteroidetes;c__Bacteroidia;o__Bacteroidales;f__Bacteroidaceae;g__Bacteroides	0.0	0.0	0.0	0.0	0.0	0.0	0.0	0.0	0.0	0.0	0.0	0.0	0.0	0.0	0.0	0.0	0.0	0.0	0.0	0.0	0.0	0.0	0.0	0.0	0.0	0.0	0.0	0.0	0.0	0.0	0.0	0.0	0.0	0.0	0.0	0.0	0.0	0.0329915967008	0.0	0.0	0.0	0.0
k__Bacteria;p__Bacteroidetes;c__Bacteroidia;o__Bacteroidales;f__Porphyromonadaceae;g__Odoribacter	0.0	0.0	0.0	0.0	0.0	0.0	0.0	0.0	0.0	0.0	0.0	0.0	0.0	0.0	0.0	0.0	0.0	0.0	0.0	0.0	0.0	0.0	0.0	0.0	0.0	0.0	0.0	0.0	0.0	0.0	0.0	0.0	0.0	0.0	0.0	0.0	0.0	0.0194228980577	0.0	0.0	0.0	0.0
k__Bacteria;p__Bacteroidetes;c__Bacteroidia;o__Bacteroidales;f__Porphyromonadaceae;g__Parabacteroides	0.0	0.0	0.0	0.0	0.0	0.0	0.0	0.0	0.0	0.0	0.0	0.0	0.0	0.0	0.0	0.0	0.0	0.0	0.0	0.0	0.0	0.0	0.0	0.0	0.0	0.0	0.0	0.0	0.0	0.0	0.00303619984819	0.0	0.0	0.0	0.0	0.0	0.0	0.149846585015	0.0	0.0	0.0	0.0
k__Bacteria;p__Bacteroidetes;c__Bacteroidia;o__Bacteroidales;f__Porphyromonadaceae;g__Porphyromonas	0.0	0.0	0.0	0.0090355018071	0.0	0.0	0.0	0.0	0.0	0.0	0.0	0.0	0.0	0.0	0.0	0.0	0.0	0.0	0.0	0.00851430085143	0.0	0.0	0.0	0.0	0.0	0.0	0.00078719984256	0.0	0.0	0.0	0.0	0.0	0.0	0.0	0.0	0.0	0.0	0.0	0.0	0.0	0.0	0.0
k__Bacteria;p__Bacteroidetes;c__Bacteroidia;o__Bacteroidales;f__Prevotellaceae;g__Prevotella	0.0	0.0	0.0	0.0	0.0	0.0	0.0	0.0	0.0	0.0	0.0	0.0	0.0	0.0	0.0	0.0	0.0	0.0	0.0	0.0216069021607	0.0	0.0	0.0	0.0	0.0	0.0	0.00145689970862	0.0	0.0	0.0	0.0	0.0	0.0	0.0	0.0029218	0.0	0.0	0.0	0.0	0.0	0.0	0.0
k__Bacteria;p__Bacteroidetes;c__Bacteroidia;o__Bacteroidales;f__Rikenellaceae;g__Alistipes	0.0	0.0	0.0	0.0	0.0	0.0	0.0	0.0	0.0	0.0	0.0	0.0	0.0	0.0	0.0	0.0	0.0	0.0	0.0	0.0	0.0	0.0	0.0	0.0	0.0	0.0	0.0	0.0	0.0	0.0	0.0	0.0	0.0	0.0	0.0	0.0	0.0	0.0321470967853	0.0	0.0	0.0	0.0
k__Bacteria;p__Bacteroidetes;c__Cytophagia;o__Cytophagales;f__Cytophagaceae;g__Hymenobacter	0.0	0.0138725958382	0.035529792894	0.0199342039868	0.0	0.0285383914385	0.0131630973674	0.0103234010323	0.0381663923667	0.00085410025623	0.0645637806309	0.0458994954101	0.0426635042664	0.0	0.0241884	0.0466238093248	0.0	0.0036672	0.0211846	0.00097880009788	0.0406185081237	0.0330461	0.0632496873501	0.0	0.0269940919018	0.0	0.00617209876558	0.0532833106567	0.0376137150455	0.00930749906925	0.0118573494071	0.00285170028517	0.03310009338	0.0136124972775	0.0182826	0.0195086980491	0.0210117021012	0.0025939997406	0.0123623987638	0.0398671960133	0.0107938989206	0.0276675027668
k__Bacteria;p__Bacteroidetes;c__Cytophagia;o__Cytophagales;f__Cytophagaceae;g__Spirosoma	0.0	0.0	0.0	0.0	0.0	0.0	0.0	0.0	0.0	0.0	0.0	0.0	0.0	0.0	0.0	0.0	0.0	0.0	0.0	0.0	0.0	0.0	0.0	0.0	0.0	0.0	0.0	0.0	0.0	0.0	0.0	0.0	0.0	0.0	0.0	0.0	0.0	0.0	0.0	0.00154619984538	0.0	0.0
k__Bacteria;p__Bacteroidetes;c__Flavobacteriia;o__Flavobacteriales;f__Flavobacteriaceae;g__Cellulophaga	0.0	0.0	0.0	0.0	0.0	0.0	0.0	0.0	0.0	0.0	0.0224872932538	0.0	0.0	0.0	0.0	0.0	0.0	0.0	0.0	0.0	0.0	0.0	0.0	0.0	0.0	0.0	0.0	0.0	0.0	0.0	0.0	0.0	0.0	0.0	0.0	0.0	0.0	0.0	0.0	0.0	0.0	0.0
k__Bacteria;p__Bacteroidetes;c__Flavobacteriia;o__Flavobacteriales;f__Flavobacteriaceae;g__Chryseobacterium	0.0	0.0	0.0	0.0	0.0	0.00123819962854	0.0	0.0	0.00081809983638	0.0	0.0	0.00260989973901	0.0	0.0	0.0	0.0	0.0	0.0	0.0	0.0	0.0	0.0	0.0	0.0	0.0	0.0	0.0	0.0	0.0	0.0	0.0	0.0	0.00070389985922	0.0	0.0	0.0	0.0	0.0	0.0	0.00240479975952	0.0	0.00073130007313
k__Bacteria;p__Bacteroidetes;c__Flavobacteriia;o__Flavobacteriales;f__Flavobacteriaceae;g__Elizabethkingia	0.0	0.0	0.0	0.0	0.0	0.0	0.0	0.0	0.0	0.0	0.0	0.0	0.0	0.0	0.0	0.0	0.0	0.0	0.0	0.0	0.0	0.0	0.0	0.0	0.0	0.0	0.0	0.0	0.0	0.0	0.0	0.00723560072356	0.0	0.0	0.0	0.0	0.0	0.0	0.0	0.0	0.0	0.0
k__Bacteria;p__Bacteroidetes;c__Flavobacteriia;o__Flavobacteriales;f__Flavobacteriaceae;g__Riemerella	0.0	0.0	0.0	0.0	0.0	0.0	0.0	0.0	0.0	0.0	0.0	0.0	0.0	0.0	0.0	0.0	0.0	0.0	0.0	0.0	0.0	0.0	0.0	0.0	0.0	0.0	0.0	0.0	0.0	0.0	0.0	0.0	0.0	0.0	0.0028701	0.0	0.0	0.0	0.0	0.0	0.0	0.0
k__Bacteria;p__Bacteroidetes;c__Flavobacteriia;o__Flavobacteriales;f__Flavobacteriales_noname;g__Flavobacteriales_noname	0.0	0.0	0.0	0.0	0.0	0.0	0.0	0.0	0.0	0.0	0.0	0.0020439997956	0.0	0.0	0.0	0.0	0.0	0.0	0.0	0.0	0.0	0.0	0.0	0.0	0.0	0.0	0.0	0.0	0.0	0.0	0.0	0.0	0.0	0.0	0.0	0.0	0.0	0.0	0.0	0.0014129998587	0.0	0.0
k__Bacteria;p__Bacteroidetes;c__Sphingobacteriia;o__Sphingobacteriales;f__Sphingobacteriaceae;g__Pedobacter	0.140709	0.0536320839104	0.0965481806904	0.00632060126412	0.0	0.169141349258	0.0328904934219	0.0	0.160878267824	0.00314110094233	0.123715662885	0.193385080661	0.178911617891	0.00442039867388	0.0868667	0.155597231119	0.0	0.0	0.0892913	0.0160010016001	0.0556337111267	0.0578928	0.0	0.0	0.0585408824377	0.0	0.0	0.151668630334	0.105904842362	0.00692109930789	0.0264096986795	0.0259562025956	0.062560087488	0.0388486922303	0.0358767	0.111434288857	0.134176913418	0.0	0.336253766375	0.299809270019	0.0	0.179313217931
k__Bacteria;p__Bacteroidetes;c__Sphingobacteriia;o__Sphingobacteriales;f__Sphingobacteriaceae;g__Sphingobacterium	0.0	0.0	0.0	0.0	0.0	0.00301359909592	0.0	0.0	0.0	0.00146080043824	0.0	0.00350469964953	0.0	0.0	0.0	0.0	0.0	0.0	0.0	0.0	0.0	0.0	0.0	0.0	0.0	0.0	0.0	0.0	0.0	0.00163409983659	0.0	0.0	0.0	0.0	0.0017798	0.0	0.0	0.0	0.0	0.0030829996917	0.0	0.00133250013325
k__Bacteria;p__Cyanobacteria;c__Cyanobacteria_noname;o__Nostocales;f__Nostocaceae;g__Nostoc	0.0	0.0	0.0	0.0	0.0	0.00088309973507	0.0	0.0	0.0	0.0	0.0	0.0	0.0	0.0	0.0	0.0	0.0	0.0	0.0	0.0	0.0	0.0	0.0	0.0	0.0	0.0	0.0	0.0	0.0	0.00182259981774	0.0	0.0	0.0	0.0	0.0	0.0	0.0	0.0	0.0	0.0	0.0	0.0
k__Bacteria;p__Cyanobacteria;c__Cyanobacteria_noname;o__Nostocales;f__Rivulariaceae;Other	0.0	0.0	0.0	0.0	0.0	0.0	0.0	0.0	0.0	0.0	0.0	0.0	0.0	0.0	0.0	0.0	0.0	0.0	0.0	0.0	0.0	0.0	0.00797119840576	0.0	0.0	0.0	0.0	0.0	0.0	0.0	0.0	0.0	0.0	0.0	0.0	0.0	0.0	0.0	0.0	0.0	0.0	0.0
k__Bacteria;p__Cyanobacteria;c__Cyanobacteria_noname;o__Oscillatoriales;f__Oscillatoriales_noname;g__Arthrospira	0.0	0.0	0.0	0.0	0.0	0.0	0.0	0.0	0.0	0.0	0.0	0.0	0.0	0.0	0.0	0.0	0.0	0.0	0.0	0.0	0.0	0.0	0.0	0.0	0.0	0.0	0.00315909936818	0.0	0.0	0.0	0.0	0.0	0.0	0.0	0.0	0.0	0.0	0.0	0.0	0.0	0.0	0.0
k__Bacteria;p__Cyanobacteria;c__Cyanobacteria_noname;o__Oscillatoriales;f__Oscillatoriales_noname;g__Microcoleus	0.0	0.00945689716293	0.0	0.00334590066918	0.052259894774	0.0202091939372	0.0	0.0	0.0	0.0	0.0	0.0	0.0	0.0	0.0071617	0.0	0.0	0.0	0.0	0.0	0.0	0.0244986	0.0106014978797	0.0	0.0	0.0	0.00949379810124	0.00973190194638	0.00452040180816	0.0171649982835	0.0034380998281	0.0064030006403	0.00575139884972	0.0	0.0	0.0	0.0	0.0	0.0	0.0	0.0	0.0
k__Bacteria;p__Cyanobacteria;c__Cyanobacteria_noname;o__Oscillatoriales;f__Oscillatoriales_noname;g__Oscillatoria	0.0	0.0	0.0	0.0	0.0	0.00297369910789	0.0	0.0	0.0	0.0	0.0	0.0	0.0	0.0	0.0	0.0	0.0	0.0	0.0	0.0	0.0	0.0	0.0	0.0	0.0	0.0	0.0	0.0	0.0	0.00076219992378	0.0	0.0	0.0024869995026	0.0	0.0	0.0	0.0	0.0	0.0	0.0	0.0	0.0
k__Bacteria;p__Cyanobacteria;c__Cyanobacteria_noname;o__Oscillatoriales;f__Oscillatoriales_noname;g__Pseudanabaena	0.0	0.0	0.0	0.0	0.0	0.0123797962861	0.0	0.0	0.0	0.0	0.0	0.0	0.0	0.0	0.0	0.0	0.0	0.0	0.0	0.0	0.0	0.0	0.0	0.0	0.0	0.0	0.0	0.0	0.0	0.0	0.0	0.0	0.0	0.0	0.0	0.0	0.0	0.0	0.0	0.0	0.0	0.0
k__Bacteria;p__Deinococcus_Thermus;c__Deinococci;o__Deinococcales;Other;Other	0.0	0.0	0.0	0.0	0.0	0.0	0.0	0.0	0.0	0.0	0.0	0.0	0.0	0.0	0.0	0.0	0.0	0.0	0.0	0.0	0.0	0.0131326	0.0	0.0	0.0	0.0	0.0	0.0	0.0	0.0123206987679	0.0	0.0	0.0	0.0	0.0060283	0.0	0.0	0.0	0.0	0.0	0.0	0.011940401194
k__Bacteria;p__Deinococcus_Thermus;c__Deinococci;o__Deinococcales;f__Deinococcaceae;g__Deinococcus	0.0	0.0342969897109	0.0115786976843	0.0242691048538	0.0	0.00814349755695	0.0150967969806	0.071609607161	0.0	0.00195830058749	0.0148953955314	0.020289697971	0.0364225036423	0.00265059920482	0.0	0.0712768142554	0.0180748981925	0.0	0.0213207	0.0	0.0566191113238	0.019744	0.0897123820575	0.0	0.032673490198	0.0330596	0.0057384988523	0.0647064129413	0.0327881131152	0.0249005975099	0.0103907494805	0.00387030038703	0.0208584958283	0.0123681975264	0.0153696	0.0118767988123	0.0	0.0	0.0	0.00427149957285	0.0279519972048	0.0
k__Bacteria;p__Firmicutes;c__Bacilli;o__Bacillales;f__Bacillaceae;g__Bacillus	0.0	0.0	0.0	0.0	0.0	0.0173904947829	0.0	0.0	0.0	0.0	0.0	0.0	0.0	0.0	0.0	0.0	0.0	0.0	0.0	0.0	0.0	0.0	0.0	0.0	0.0	0.0	0.0	0.0	0.0	0.00505209949479	0.0010360999482	0.0	0.00520719895856	0.0	0.0	0.0	0.0	0.0	0.0	0.0	0.0	0.0
k__Bacteria;p__Firmicutes;c__Bacilli;o__Bacillales;f__Bacillales_noname;g__Gemella	0.0	0.0	0.0	0.00022070004414	0.0	0.0	0.0	0.0	0.0	0.0	0.0	0.0	0.0	0.0	0.0	0.0	0.0	0.0	0.0	0.0	0.0	0.0	0.0	0.0	0.0	0.0	0.0	0.0	0.0	0.0	0.0	0.0	0.0	0.0	0.0002679	0.0	0.0	0.0	0.0	0.0	0.0	0.0
k__Bacteria;p__Firmicutes;c__Bacilli;o__Bacillales;f__Listeriaceae;g__Listeria	0.0	0.0	0.0	0.0	0.0	0.0	0.0	0.0	0.0	0.0	0.0	0.0	0.0	0.0	0.0	0.0	0.0	0.0	0.0	0.0	0.0	0.0	0.0	0.0	0.0	0.0	0.0	0.0	0.0	0.0	0.00142254992887	0.0	0.0	0.0	0.0	0.0	0.0	0.0	0.0	0.0	0.0	0.0
k__Bacteria;p__Firmicutes;c__Bacilli;o__Bacillales;f__Planococcaceae;g__Solibacillus	0.0	0.0	0.0	0.0	0.0	0.0	0.0	0.0	0.0	0.0	0.0	0.0	0.0	0.0	0.0	0.0	0.0	0.0	0.0	0.0	0.0	0.0	0.0	0.0	0.0	0.0	0.0	0.0	0.0	0.0	0.00143304992835	0.0	0.0	0.0	0.0	0.0	0.0	0.0	0.0	0.0	0.0	0.0
k__Bacteria;p__Firmicutes;c__Bacilli;o__Bacillales;f__Staphylococcaceae;g__Staphylococcus	0.0765008	0.0159112952266	0.0	0.0688482137696	0.284905571509	0.00391369882589	0.113610777278	0.0	0.0023784995243	0.236570870971	0.04346658696	0.0	0.00770420077042	0.0025529992341	0.1658069	0.0	0.0	0.0082065	0.0028886	0.00303070030307	0.0	0.0	0.046430090714	0.0	0.0301339909598	0.0051813	0.119735176053	0.0210011042002	0.0100465040186	0.00876189912381	0.0246105987695	0.0943284094328	0.0110924977815	0.0988989802202	0.1638347	0.130089586991	0.0	0.0300328969967	0.0	0.00155719984428	0.0788714921129	0.00615320061532
k__Bacteria;p__Firmicutes;c__Bacilli;o__Lactobacillales;f__Aerococcaceae;g__Aerococcus	0.0	0.0	0.0	0.0	0.0	0.0	0.0	0.0	0.0	0.00083390025017	0.0	0.0	0.0	0.0	0.0	0.0	0.0	0.0	0.0	0.00039620003962	0.0	0.0	0.0	0.0	0.0	0.0	0.0	0.0	0.0	0.0	0.0	0.0	0.0	0.0	0.002091	0.0	0.0	0.0	0.0	0.0	0.0	0.0
k__Bacteria;p__Firmicutes;c__Bacilli;o__Lactobacillales;f__Aerococcaceae;g__Facklamia	0.0	0.0	0.0	0.00101970020394	0.0	0.0	0.0	0.0	0.0	0.0	0.0	0.0	0.0	0.0	0.0	0.0	0.0	0.0	0.0	0.0	0.0	0.0	0.0	0.0	0.0	0.0	0.0	0.0	0.0	0.0	0.0	0.0	0.0	0.0	0.0	0.00862479913752	0.0	0.0	0.0	0.0	0.0	0.0
k__Bacteria;p__Firmicutes;c__Bacilli;o__Lactobacillales;f__Carnobacteriaceae;g__Dolosigranulum	0.0	0.0	0.0	0.0	0.0	0.0	0.0	0.0	0.0	0.0	0.0	0.0	0.0	0.0	0.0	0.0285925057185	0.0	0.0	0.0	0.0	0.0	0.0	0.0	0.0	0.0	0.0	0.00156959968608	0.0	0.0	0.0	0.0	0.0	0.0	0.0	0.0	0.0	0.0	0.0352072964793	0.0	0.0	0.0	0.0
k__Bacteria;p__Firmicutes;c__Bacilli;o__Lactobacillales;f__Carnobacteriaceae;g__Granulicatella	0.0	0.0	0.0	0.0	0.0	0.0	0.0	0.0	0.0	0.0	0.0	0.0	0.0	0.0	0.0	0.0	0.0	0.0	0.0	0.0	0.0	0.0	0.0	0.0	0.0	0.0	0.00161469967706	0.0	0.0	0.0	0.0	0.0	0.0	0.0	0.0	0.0	0.0	0.0	0.0	0.0	0.0	0.0
k__Bacteria;p__Firmicutes;c__Bacilli;o__Lactobacillales;f__Enterococcaceae;g__Enterococcus	0.0	0.0	0.0	0.0	0.0	0.0	0.0	0.0	0.0	0.00651840195552	0.0	0.0	0.0	0.0	0.0314358	0.0	0.0	0.0	0.0	0.00121280012128	0.0	0.0	0.0	0.0	0.0	0.0	0.0	0.0	0.0	0.0	0.00979344951033	0.0	0.0	0.0	0.0	0.0	0.0665684066568	0.0	0.0	0.0	0.0	0.0
k__Bacteria;p__Firmicutes;c__Bacilli;o__Lactobacillales;f__Lactobacillaceae;g__Lactobacillus	0.044927	0.00592079822376	0.00509979898004	0.0031615006323	0.0	0.00240879927736	0.029634894073	0.0	0.0	0.0	0.0292210912337	0.0	0.0	0.0	0.0	0.0	0.0	0.0	0.0	0.0	0.0	0.0	0.0090694981861	0.0	0.0220307933908	0.0	0.121084575783	0.0131369026274	0.00247330098932	0.0	0.0201426489929	0.0182554018255	0.00219119956176	0.0156493968701	0.0101591	0.125763887424	0.0	0.544336245566	0.0	0.00047419995258	0.0	0.0038820003882
k__Bacteria;p__Firmicutes;c__Bacilli;o__Lactobacillales;f__Lactobacillaceae;g__Pediococcus	0.0	0.0	0.0	0.0	0.0	0.0	0.0	0.0	0.0	0.0	0.0	0.0	0.0	0.0	0.0	0.0	0.0	0.0	0.0	0.0	0.0	0.0	0.0	0.0	0.0	0.0	0.0	0.0	0.0	0.0	0.0	0.0	0.0	0.0	0.0	0.0	0.0	0.0	0.0835559916444	0.0	0.0	0.0
k__Bacteria;p__Firmicutes;c__Bacilli;o__Lactobacillales;f__Leuconostocaceae;g__Leuconostoc	0.0	0.0	0.0	0.0	0.0	0.0	0.0	0.0	0.0	0.0	0.0	0.0	0.0	0.0	0.0	0.0	0.0	0.0	0.0	0.0	0.0	0.0	0.0	0.0	0.0	0.0	0.0	0.0	0.0	0.00329439967056	0.0	0.0	0.00020619995876	0.0	0.0018528	0.0	0.0	0.0	0.0	0.0	0.0	0.0
k__Bacteria;p__Firmicutes;c__Bacilli;o__Lactobacillales;f__Leuconostocaceae;g__Weissella	0.0	0.0	0.0	0.0	0.0	0.0	0.0	0.0	0.0	0.0	0.0	0.0	0.0	0.0	0.0	0.0	0.0	0.0	0.0	0.0	0.0	0.0	0.0	0.0	0.0	0.0	0.0	0.0	0.0	0.0	0.0	0.0	0.0	0.0	0.0	0.0	0.0	0.0	0.00424819957518	0.0	0.0	0.0
k__Bacteria;p__Firmicutes;c__Bacilli;o__Lactobacillales;f__Streptococcaceae;g__Lactococcus	0.0	0.220251933924	0.0	0.0	0.0	0.00085319974404	0.0	0.0	0.0	0.0	0.0	0.0	0.0	0.0	0.0	0.0	0.0	0.0	0.0	0.0	0.0	0.0	0.0	0.0	0.0	0.0	0.0130131973974	0.0	0.0	0.0	0.000443349977833	0.0	0.0	0.0	0.0010529	0.0	0.0	0.00162289983771	0.0	0.0107847989215	0.0	0.0
k__Bacteria;p__Firmicutes;c__Bacilli;o__Lactobacillales;f__Streptococcaceae;g__Streptococcus	0.0	0.0	0.00573809885238	0.00848660169732	0.0	0.00415719875284	0.00926579814684	0.0	0.0	0.0	0.0	0.0	0.0	0.0	0.0	0.00242460048492	0.0	0.0	0.0	0.0	0.0	0.0	0.0	0.0	0.0	0.0	0.0242787951442	0.00449580089916	0.0	0.135150086485	0.00210094989495	0.0	0.0	0.00496019900796	0.0172557	0.0287429971257	0.0	0.0	0.0	0.00038619996138	0.0	0.00647770064777
k__Bacteria;p__Firmicutes;c__Clostridia;o__Clostridiales;f__Clostridiales_Family_XIII_Incertae_Sedis;Other	0.0	0.0	0.0	0.0	0.0	0.0	0.0	0.0	0.0	0.0	0.0	0.0	0.0	0.0	0.0	0.0	0.0	0.0	0.0	0.00206040020604	0.0	0.0	0.0	0.0	0.0	0.0	0.0	0.0	0.0	0.0	0.0	0.0	0.0	0.0	0.0	0.0	0.0	0.0	0.0	0.0	0.0	0.0
k__Bacteria;p__Firmicutes;c__Clostridia;o__Clostridiales;f__Clostridiales_Family_XI_Incertae_Sedis;g__Anaerococcus	0.0	0.0	0.0	0.00255820051164	0.0	0.0	0.00271579945684	0.0	0.0	0.0	0.0	0.0	0.0	0.0	0.0	0.0	0.0	0.0	0.0	0.0222186022219	0.0	0.0	0.0	0.0	0.0	0.0	0.0188486962303	0.00139760027952	0.0	0.0	0.0	0.0	0.00152589969482	0.00404629919074	0.0010732	0.00541779945822	0.0	0.0	0.0	0.0	0.0	0.0
k__Bacteria;p__Firmicutes;c__Clostridia;o__Clostridiales;f__Clostridiales_Family_XI_Incertae_Sedis;g__Finegoldia	0.0	0.0	0.0	0.00101220020244	0.0	0.00196759940972	0.00824259835148	0.0	0.0	0.0012490003747	0.0	0.0	0.0	0.0	0.0	0.0	0.0	0.0	0.0	0.136680613668	0.0	0.0	0.0	0.0	0.0	0.0	0.0220792955841	0.0	0.0	0.00245459975454	0.00629019968549	0.00857670085767	0.00104079979184	0.0022169995566	0.0051095	0.0137327986267	0.0	0.0	0.0	0.0	0.0	0.0
k__Bacteria;p__Firmicutes;c__Clostridia;o__Clostridiales;f__Clostridiales_Family_XI_Incertae_Sedis;g__Peptoniphilus	0.0	0.0	0.0	0.0	0.0	0.0	0.0	0.0	0.0	0.0	0.0	0.0	0.0	0.0	0.0	0.0	0.0	0.0	0.0	0.00630450063045	0.0	0.0	0.0	0.0	0.0	0.0	0.0	0.0	0.0	0.0	0.0	0.0	0.0	0.0	0.0	0.0	0.0	0.0	0.0	0.0	0.0	0.0
k__Bacteria;p__Firmicutes;c__Clostridia;o__Clostridiales;f__Eubacteriaceae;g__Eubacterium	0.0	0.0	0.0	0.0	0.0	0.0	0.00013089997382	0.0	0.0	0.00080080024024	0.0	0.0	0.0	0.0	0.0	0.0	0.0	0.0	0.0	0.00515860051586	0.0	0.0	0.0147067970586	0.0	0.0	0.0	0.00512189897562	0.0	0.0	0.0	0.0	0.0	0.00290489941902	0.0	0.0039198	0.0	0.0	0.0	0.0	0.0	0.0	0.0
k__Bacteria;p__Firmicutes;c__Clostridia;o__Clostridiales;f__Lachnospiraceae;g__Blautia	0.0	0.0	0.0	0.0	0.0	0.0	0.0	0.0	0.0	0.0	0.0	0.0	0.0	0.0	0.0	0.0	0.0	0.0	0.0	0.00086390008639	0.0	0.020984	0.0	0.0	0.0	0.0	0.0	0.0	0.0	0.0	0.0	0.0	0.0	0.0	0.0	0.0	0.0	0.0169957983004	0.0	0.0	0.0594148940585	0.0
k__Bacteria;p__Firmicutes;c__Clostridia;o__Clostridiales;f__Lachnospiraceae;g__Dorea	0.0	0.0	0.0	0.0	0.0	0.0	0.0	0.0	0.0	0.0	0.0	0.0	0.0	0.0	0.0	0.0	0.0	0.0	0.0	0.00282750028275	0.0	0.0	0.0	0.0	0.0	0.0	0.0	0.0	0.0	0.0	0.0	0.0	0.0	0.0	0.0	0.0	0.0	0.00084719991528	0.0	0.0	0.0	0.0
k__Bacteria;p__Firmicutes;c__Clostridia;o__Clostridiales;f__Lachnospiraceae;g__Roseburia	0.0	0.0	0.0	0.0	0.0	0.0	0.0	0.0	0.0	0.0	0.0	0.0	0.0	0.0	0.0	0.0	0.0	0.0	0.0	0.0	0.0	0.0	0.0	0.0	0.0	0.0	0.0	0.0	0.0	0.0	0.0	0.0	0.0	0.0	0.001229	0.0	0.0	0.0	0.0	0.0	0.0	0.0
k__Bacteria;p__Firmicutes;c__Clostridia;o__Clostridiales;f__Ruminococcaceae;g__Anaerotruncus	0.0	0.0	0.0	0.0	0.0	0.0	0.0	0.0	0.0	0.0	0.0	0.0	0.0	0.0	0.0	0.0	0.0	0.0	0.0	0.0	0.0	0.0	0.0	0.0	0.0	0.0	0.0	0.0	0.0	0.0	0.0	0.0	0.0	0.0	0.0	0.0	0.0	0.0119962988004	0.0	0.0	0.0	0.0
k__Bacteria;p__Firmicutes;c__Clostridia;o__Clostridiales;f__Ruminococcaceae;g__Faecalibacterium	0.0	0.0	0.0	0.0	0.0	0.0	0.0	0.0	0.0	0.0	0.0	0.0	0.0	0.0	0.0	0.0	0.0	0.0	0.0	0.00347480034748	0.0	0.0	0.0045279990944	0.0	0.0	0.0	0.00101469979706	0.0	0.0	0.0	0.0	0.0	0.00142679971464	0.0	0.0028716	0.0	0.0	0.0	0.0	0.0	0.0	0.0
k__Bacteria;p__Firmicutes;c__Clostridia;o__Clostridiales;f__Ruminococcaceae;g__Ruminococcus	0.0	0.0	0.0	0.0	0.0	0.0	0.0	0.0	0.0	0.0	0.0	0.0	0.0	0.0	0.0	0.0	0.0	0.0	0.0	0.0	0.0	0.0	0.0	0.0	0.0	0.0	0.0	0.0	0.0	0.0	0.0	0.0	0.00055339988932	0.0	0.0023886	0.0	0.0	0.0	0.0	0.0	0.0	0.0
k__Bacteria;p__Firmicutes;c__Clostridia;o__Clostridiales;f__Ruminococcaceae;g__Subdoligranulum	0.0	0.0	0.0	0.0	0.0	0.0	0.0	0.0234650023465	0.0	0.0	0.0	0.0	0.0047740004774	0.0	0.0	0.0	0.0	0.0	0.0	0.00246250024625	0.0	0.0	0.0	0.0	0.0	0.0	0.00376079924784	0.0	0.0	0.0	0.0	0.0	0.0	0.0	0.0014389	0.0	0.0	0.0	0.0	0.0	0.0	0.0
k__Bacteria;p__Firmicutes;c__Negativicutes;o__Selenomonadales;f__Veillonellaceae;g__Veillonella	0.0	0.00483309855007	0.0	0.00075680015136	0.0	0.0	0.00071429985714	0.0	0.0	0.0	0.0	0.0	0.0	0.0	0.0	0.0	0.0	0.0	0.0	0.0	0.0	0.0	0.0	0.0	0.0	0.0	0.005324998935	0.0	0.0	0.0	0.0	0.0	0.0	0.0	0.0013685	0.00505279949472	0.0	0.0	0.0	0.0	0.0	0.0
k__Bacteria;p__Proteobacteria;c__Alphaproteobacteria;o__Caulobacterales;f__Caulobacteraceae;g__Asticcacaulis	0.0	0.0	0.0	0.0	0.0	0.0	0.0	0.0	0.0	0.0	0.0	0.0120359987964	0.0	0.0	0.0	0.0	0.0	0.0	0.0	0.0	0.0	0.0	0.0	0.0	0.0	0.0	0.0	0.0	0.0	0.0	0.0	0.0	0.00824889835022	0.0	0.0	0.0	0.0	0.0	0.0	0.0	0.0	0.0
k__Bacteria;p__Proteobacteria;c__Alphaproteobacteria;o__Caulobacterales;f__Caulobacteraceae;g__Brevundimonas	0.0	0.0220612933816	0.0168883966223	0.00964810192962	0.0	0.0237982928605	0.00265479946904	0.0	0.0160670967866	0.00204790061437	0.0	0.0506471949353	0.0153015015302	0.00833159750052	0.0123098	0.0	0.0	0.0	0.0163846	0.00390690039069	0.0	0.0189123	0.0134635973073	0.0	0.0382013885396	0.0	0.0	0.0	0.0133052053221	0.0139532986047	0.0096820995159	0.00741770074177	0.0267395946521	0.00592359881528	0.0104224	0.0	0.0228987022899	0.00257789974221	0.0	0.0239764976024	0.0	0.0236110023611
k__Bacteria;p__Proteobacteria;c__Alphaproteobacteria;o__Caulobacterales;f__Caulobacteraceae;g__Caulobacter	0.0	0.0227292931812	0.0	0.00817080163416	0.0	0.0	0.00172189965562	0.0	0.0	0.0	0.00994389701683	0.00739689926031	0.00481150048115	0.00193259942022	0.0057586	0.0193409038682	0.0	0.0	0.0	0.00603380060338	0.0230453046091	0.0129394	0.0254880949024	0.0	0.00538719838384	0.0	0.0	0.0157080031416	0.00697220278888	0.0	0.00284424985779	0.0	0.00253469949306	0.0	0.0	0.0	0.0	0.0018079998192	0.0	0.0	0.0	0.0
k__Bacteria;p__Proteobacteria;c__Alphaproteobacteria;o__Rhizobiales;f__Aurantimonadaceae;Other	0.0	0.0	0.0	0.0	0.0	0.0	0.0	0.0	0.0	0.0	0.0	0.0	0.0	0.0	0.0	0.0	0.0	0.0	0.0075239	0.0	0.0	0.0	0.0	0.0	0.0	0.0	0.0	0.0	0.0	0.0	0.0	0.0	0.0	0.0	0.0	0.0	0.0	0.0	0.0	0.0	0.0	0.0
k__Bacteria;p__Proteobacteria;c__Alphaproteobacteria;o__Rhizobiales;f__Bartonellaceae;g__Bartonella	0.0	0.0	0.0	0.0	0.0	0.0	0.0	0.0	0.0	0.0	0.0	0.0138586986141	0.0	0.0	0.0	0.0	0.0	0.0	0.0	0.0	0.0	0.0	0.0	0.0	0.0	0.0	0.0	0.0	0.0	0.0	0.0	0.0	0.0	0.0	0.0	0.0	0.0	0.0	0.0	0.0	0.0	0.0
k__Bacteria;p__Proteobacteria;c__Alphaproteobacteria;o__Rhizobiales;f__Bradyrhizobiaceae;g__Afipia	0.0	0.0	0.0	0.0	0.0	0.0	0.0	0.0	0.0	0.0	0.0	0.0	0.0	0.00156669952999	0.0	0.0	0.0	0.0	0.0	0.0	0.0	0.0	0.0	0.0	0.0	0.0	0.0	0.0	0.0	0.0	0.0	0.0	0.0	0.0	0.0	0.0	0.0	0.0	0.0	0.0	0.0	0.0
k__Bacteria;p__Proteobacteria;c__Alphaproteobacteria;o__Rhizobiales;f__Bradyrhizobiaceae;g__Rhodopseudomonas	0.0	0.0	0.00746489850702	0.00538740107748	0.0	0.0	0.0	0.0	0.0	0.0	0.0	0.0	0.0	0.00353039894088	0.0	0.0	0.0	0.0	0.0	0.00403270040327	0.0	0.0	0.0	0.0	0.0	0.0	0.0	0.0	0.0	0.0	0.00130419993479	0.0	0.0	0.0	0.0013182	0.0	0.0	0.0	0.0	0.0	0.0164117983588	0.0
k__Bacteria;p__Proteobacteria;c__Alphaproteobacteria;o__Rhizobiales;f__Hyphomicrobiaceae;Other	0.0	0.0	0.0202696959461	0.0	0.0	0.0	0.0	0.0	0.0	0.0	0.0	0.0	0.0	0.0	0.0	0.0	0.0	0.0	0.0	0.00219260021926	0.0	0.0	0.0	0.0	0.0142995957101	0.0	0.0	0.0102977020595	0.0095665038266	0.00726519927348	0.00171419991429	0.0	0.0	0.0	0.0	0.0	0.0	0.0	0.0	0.0	0.0	0.00621920062192
k__Bacteria;p__Proteobacteria;c__Alphaproteobacteria;o__Rhizobiales;f__Methylobacteriaceae;g__Methylobacterium	0.0	0.0	0.0	0.0	0.0	0.0	0.0	0.0	0.0	0.0	0.0	0.0	0.0	0.00199749940075	0.0	0.0	0.0	0.0	0.0	0.0131130013113	0.0	0.0	0.0	0.0	0.0	0.0	0.0	0.0	0.0	0.0	0.0	0.0	0.0	0.0	0.0	0.0	0.0	0.0	0.0	0.0	0.0	0.0
k__Bacteria;p__Proteobacteria;c__Alphaproteobacteria;o__Rhizobiales;f__Rhizobiaceae;g__Agrobacterium	0.0	0.0	0.0	0.0	0.0	0.0	0.0	0.0	0.0	0.0	0.0	0.0	0.0	0.0	0.0	0.0	0.0	0.0	0.0	0.00244790024479	0.0	0.0	0.0	0.0	0.0	0.0	0.0	0.0	0.0	0.0	0.0	0.0	0.0	0.0	0.0	0.0	0.0	0.0	0.0	0.0	0.0	0.0
k__Bacteria;p__Proteobacteria;c__Alphaproteobacteria;o__Rhizobiales;f__Rhizobiaceae;g__Sinorhizobium	0.0	0.0	0.0	0.0	0.0	0.0	0.0	0.0	0.0	0.0	0.0	0.0	0.0	0.0	0.0	0.0	0.0	0.0	0.0	0.0	0.0	0.0	0.0	0.0	0.0	0.0	0.0	0.0	0.0	0.0	0.0	0.0	0.0009379998124	0.0	0.0	0.0	0.0	0.0	0.0	0.0	0.0	0.0
k__Bacteria;p__Proteobacteria;c__Alphaproteobacteria;o__Rhizobiales;f__Rhodobiaceae;Other	0.0	0.0	0.0	0.0	0.0	0.00848159745552	0.0	0.0	0.0	0.0	0.0	0.0	0.0	0.0	0.0	0.0	0.0	0.0	0.0	0.0	0.0	0.0	0.0	0.0	0.0	0.0	0.0	0.0	0.0113830045532	0.0	0.0	0.0	0.0	0.0128815974237	0.0	0.0	0.0	0.0	0.0	0.0	0.0	0.00740010074001
k__Bacteria;p__Proteobacteria;c__Alphaproteobacteria;o__Rhodobacterales;f__Rhodobacteraceae;g__Paracoccus	0.0	0.0	0.0	0.00203870040774	0.0	0.00199829940051	0.00504939899012	0.0	0.0	0.0130462039139	0.0	0.0	0.0	0.0503116849065	0.0	0.0	0.0	0.0	0.0026137	0.00996620099662	0.0	0.0	0.0	0.0	0.0	0.0	0.0	0.0014795002959	0.00396660158664	0.0	0.00347924982604	0.0	0.00598279880344	0.0	0.0086957	0.0	0.0	0.0	0.0	0.0	0.0	0.0
k__Bacteria;p__Proteobacteria;c__Alphaproteobacteria;o__Rhodospirillales;f__Acetobacteraceae;g__Acetobacter	0.0	0.0230796930761	0.0	0.0	0.0	0.0	0.0	0.0	0.0	0.0	0.0	0.0	0.0	0.0	0.0	0.0	0.0	0.0	0.0	0.0	0.0	0.0	0.0	0.0	0.0	0.0	0.0	0.0	0.0	0.0	0.0	0.0	0.0060134987973	0.0	0.0	0.0	0.0	0.0	0.0	0.0	0.0	0.0
k__Bacteria;p__Proteobacteria;c__Alphaproteobacteria;o__Rhodospirillales;f__Acetobacteraceae;g__Roseomonas	0.0	0.0	0.0	0.0	0.0	0.00318079904576	0.00100969979806	0.0	0.0	0.0	0.0	0.0	0.00853570085357	0.00828239751528	0.0	0.0	0.0	0.0	0.0014923	0.139549313955	0.00487280097456	0.0	0.0	0.0	0.00336569899029	0.0	0.0	0.00692130138426	0.00468920187568	0.0016779998322	0.00587749970613	0.0	0.0055454988909	0.0	0.0035816	0.0	0.0	0.0	0.0	0.0	0.0	0.0
k__Bacteria;p__Proteobacteria;c__Alphaproteobacteria;o__Rhodospirillales;f__Rhodospirillaceae;g__Rhodospirillum	0.0	0.0	0.0	0.0	0.0	0.0	0.0	0.0	0.0	0.0	0.0	0.0235848976415	0.0	0.0	0.0	0.0	0.0	0.0	0.0	0.00291180029118	0.0	0.0	0.0	0.0	0.0	0.0	0.0	0.0	0.0	0.0	0.0	0.0	0.0	0.0	0.0	0.0	0.0	0.0	0.0	0.0	0.0	0.0
k__Bacteria;p__Proteobacteria;c__Alphaproteobacteria;o__Rickettsiales;f__Anaplasmataceae;g__Wolbachia	0.0760947	0.0015649995305	0.0	0.008915001783	0.0	0.0	0.0	0.238710323871	0.00609429878114	0.0	0.0	0.00902009909799	0.0	0.0	0.0	0.0	0.15110408489	0.1154101	0.0	0.0	0.13960232792	0.0	0.0	0.0	0.00256689922993	0.0	0.0	0.0	0.0	0.0	0.00583864970807	0.0	0.0	0.0	0.0	0.0203185979681	0.0	0.0	0.0265835973416	0.0	0.00256359974364	0.0147854014785
k__Bacteria;p__Proteobacteria;c__Alphaproteobacteria;o__Rickettsiales;f__Rickettsiaceae;g__Rickettsia	0.0	0.012023496393	0.0	0.0	0.0	0.00237749928675	0.0	0.0485779048578	0.0	0.0158731047619	0.0657338802798	0.0	0.0	0.00589779823066	0.0	0.0	0.647813135219	0.0092503	0.0026669	0.0264571026457	0.108535221707	0.0	0.0	0.0	0.00900969729709	0.0	0.0	0.0	0.0	0.0144814985519	0.0127507493625	0.0797372079737	0.00199229960154	0.0	0.0	0.0328857967114	0.0	0.0	0.0	0.0	0.0	0.0
k__Bacteria;p__Proteobacteria;c__Alphaproteobacteria;o__Sphingomonadales;f__Sphingomonadaceae;g__Sphingobium	0.0	0.0	0.00593619881276	0.0	0.0	0.0151905954428	0.0	0.0	0.0115768976846	0.00099230029769	0.0	0.00528419947158	0.00376920037692	0.00269949919015	0.0	0.0	0.0	0.0	0.0017784	0.00805460080546	0.0220566044113	0.0099679	0.0	0.0	0.0	0.0	0.0	0.0116712023342	0.0116527046611	0.0	0.0	0.0	0.0120733975853	0.00330309933938	0.0021591	0.0	0.00808560080856	0.0	0.0	0.00447759955224	0.0	0.0
k__Bacteria;p__Proteobacteria;c__Alphaproteobacteria;o__Sphingomonadales;f__Sphingomonadaceae;g__Sphingopyxis	0.0	0.0	0.0	0.0	0.0	0.00025579992326	0.0	0.0	0.0	0.0	0.0	0.0	0.0	0.00017109994867	0.0	0.0	0.0	0.0	0.0	0.0	0.0	0.0	0.0	0.0	0.0	0.0	0.0	0.0	0.0	0.0	0.000378049981098	0.0	0.00164159967168	0.0	0.001034	0.0	0.0	0.0	0.0	0.0	0.0	0.0
k__Bacteria;p__Proteobacteria;c__Betaproteobacteria;o__Burkholderiales;f__Alcaligenaceae;g__Achromobacter	0.0	0.0	0.0	0.0	0.0	0.0	0.0	0.0	0.0	0.0	0.0	0.0	0.0	0.0	0.0	0.0	0.0	0.0125759	0.0	0.0	0.0	0.0	0.0	0.0	0.0	0.0	0.0	0.0	0.0	0.0	0.0	0.0	0.0	0.0	0.0	0.0	0.0	0.0	0.0	0.0	0.0	0.0
k__Bacteria;p__Proteobacteria;c__Betaproteobacteria;o__Burkholderiales;f__Alcaligenaceae;g__Bordetella	0.0	0.0	0.0	0.0	0.0	0.0	0.0	0.0	0.0	0.0	0.0	0.0	0.0	0.0	0.0	0.0	0.0	0.01467	0.0	0.0	0.0	0.0	0.0	0.0	0.0	0.0	0.0	0.0	0.0	0.0	0.0	0.0	0.0	0.0	0.0	0.0	0.0	0.0	0.0	0.0	0.0	0.0
k__Bacteria;p__Proteobacteria;c__Betaproteobacteria;o__Burkholderiales;f__Burkholderiaceae;g__Burkholderia	0.0	0.0	0.0	0.0	0.0	0.0	0.0	0.0	0.0	0.0	0.0	0.0	0.0	0.0	0.0	0.0	0.0	0.0	0.0	0.0	0.0311334062267	0.0	0.0	0.0	0.0	0.0	0.0	0.0161729032346	0.0	0.0	0.00571359971432	0.0	0.0	0.0	0.0	0.0	0.0	0.0	0.0	0.0	0.0	0.0
k__Bacteria;p__Proteobacteria;c__Betaproteobacteria;o__Burkholderiales;f__Burkholderiales_noname;g__Thiomonas	0.0	0.0	0.0	0.0	0.0	0.0	0.0	0.0	0.0	0.0	0.0	0.0	0.0	0.0	0.0	0.0307504061501	0.0	0.0	0.0	0.0	0.0	0.0	0.0	0.0	0.0	0.0	0.0	0.0	0.0	0.0	0.0	0.0	0.0	0.0	0.0	0.0	0.0	0.0	0.0	0.0	0.0	0.0
k__Bacteria;p__Proteobacteria;c__Betaproteobacteria;o__Burkholderiales;f__Comamonadaceae;g__Comamonas	0.0167749	0.0	0.0	0.00321670064334	0.0	0.00323809902857	0.0	0.0	0.0	0.0	0.0	0.00403389959661	0.0	0.0	0.0	0.0	0.0143742985626	0.0	0.0	0.00099610009961	0.0	0.0078509	0.0101920979616	0.0	0.0	0.0	0.0	0.0	0.0	0.0297037970296	0.00165269991737	0.0	0.0082939983412	0.0	0.0	0.0	0.0	0.00211959978804	0.0	0.0033969996603	0.0	0.00282520028252
k__Bacteria;p__Proteobacteria;c__Betaproteobacteria;o__Burkholderiales;f__Comamonadaceae;g__Delftia	0.0	0.0	0.0	0.0	0.0	0.0	0.0	0.0	0.0	0.0	0.0	0.0	0.0	0.0	0.0	0.0	0.0	0.0	0.0	0.0	0.0	0.0	0.0	0.0	0.0	0.0	0.0	0.0	0.0	0.0	0.0	0.0	0.0007014998597	0.0	0.0	0.0	0.0	0.0	0.0	0.0	0.0	0.0
k__Bacteria;p__Proteobacteria;c__Betaproteobacteria;o__Burkholderiales;f__Comamonadaceae;g__Polaromonas	0.0	0.0	0.0	0.00319810063962	0.0	0.0	0.0	0.0	0.0	0.0	0.0	0.0	0.0	0.0	0.0	0.0	0.0	0.0	0.0	0.0	0.0	0.0	0.0	0.0	0.0	0.0	0.0	0.0	0.00214640085856	0.0	0.0	0.0	0.0	0.0	0.0	0.0	0.0	0.0	0.0	0.00332729966727	0.0	0.0
k__Bacteria;p__Proteobacteria;c__Betaproteobacteria;o__Burkholderiales;f__Comamonadaceae;g__Variovorax	0.0	0.0054829983551	0.00912239817552	0.0105480021096	0.0	0.0108368967489	0.0038064992387	0.0	0.00618809876238	0.00093080027924	0.0179723946083	0.0133372986663	0.00576710057671	0.00263409920977	0.0079533	0.0131993026399	0.0	0.0	0.0043764	0.00127780012778	0.0	0.0	0.0193441961312	0.0	0.00644019806794	0.0	0.0	0.0073185014637	0.00268720107488	0.00263589973641	0.00381629980919	0.0	0.0151811969638	0.00833329833334	0.0037398	0.0	0.0	0.00325379967462	0.0	0.0151939984806	0.0	0.00763480076348
k__Bacteria;p__Proteobacteria;c__Betaproteobacteria;o__Burkholderiales;f__Comamonadaceae;g__Verminephrobacter	0.0	0.0	0.0	0.0	0.0	0.0	0.0	0.0	0.0	0.0	0.0	0.0	0.0	0.0	0.0	0.0	0.0	0.0	0.0	0.00112980011298	0.0	0.0	0.0	0.0	0.0	0.0	0.0	0.0	0.0	0.0	0.0	0.0	0.0	0.0	0.0	0.0	0.0	0.0	0.0	0.0	0.0	0.0
k__Bacteria;p__Proteobacteria;c__Betaproteobacteria;o__Burkholderiales;f__Oxalobacteraceae;g__Janthinobacterium	0.0	0.0	0.00500029899994	0.00341720068344	0.0	0.00708539787438	0.00211179957764	0.0	0.0	0.0	0.00631019810694	0.0084639991536	0.00930310093031	0.0	0.0	0.0	0.0	0.0	0.0	0.00166210016621	0.0240841048168	0.0	0.00549009890198	0.0	0.00346919895924	0.0	0.0	0.00741980148396	0.00230830092332	0.0142279985772	0.00346769982662	0.00330550033055	0.00883989823202	0.0	0.0018467	0.0	0.0	0.00448849955115	0.0	0.00882349911765	0.0	0.0
k__Bacteria;p__Proteobacteria;c__Betaproteobacteria;o__Burkholderiales;f__Oxalobacteraceae;g__Massilia	0.0114275	0.0152896954131	0.0506559898688	0.0104989020998	0.0	0.11073206678	0.0165396966921	0.0425843042584	0.0711867857626	0.0109210032763	0.0370217888935	0.0738565926143	0.142291714229	0.145802856259	0.0450419	0.0436335087267	0.00661209933879	0.0	0.0326128	0.00649480064948	0.0646035129207	0.0276967	0.0105393978921	0.0	0.0426557872033	0.0	0.00370619925876	0.0380315076063	0.0452016180806	0.084440491556	0.0306953984652	0.0299166029917	0.124935475013	0.0220056955989	0.0301348	0.0152748984725	0.0312582031258	0.00264369973563	0.0255705974429	0.0776149922385	0.0	0.0417257041726
k__Bacteria;p__Proteobacteria;c__Betaproteobacteria;o__Gallionellales;f__Gallionellaceae;Other	0.0	0.0	0.0	0.0	0.0	0.0	0.00601609879678	0.0	0.0	0.0	0.0	0.0	0.0	0.0	0.0	0.0	0.0	0.0	0.0	0.0	0.0	0.0	0.0	0.0	0.0	0.0	0.0	0.0	0.0	0.0	0.0	0.0	0.0	0.0	0.0	0.0	0.0	0.0	0.0	0.0	0.0	0.0
k__Bacteria;p__Proteobacteria;c__Betaproteobacteria;o__Methylophilales;f__Methylophilaceae;g__Methylophilus	0.0	0.0	0.0	0.0	0.0	0.0	0.0	0.0	0.0	0.0	0.0	0.0	0.0	0.0	0.0	0.0	0.0	0.0	0.0	0.0	0.0	0.0	0.0	0.0	0.0	0.0	0.0	0.0	0.0	0.0	0.000886149955693	0.0	0.0	0.0	0.0	0.0	0.0	0.0	0.0	0.0	0.0	0.0
k__Bacteria;p__Proteobacteria;c__Betaproteobacteria;o__Neisseriales;f__Neisseriaceae;g__Neisseria	0.0	0.0	0.0	0.0	0.0	0.0	0.0	0.0	0.0	0.0	0.0	0.0	0.0	0.0	0.0	0.0	0.0	0.0	0.0	0.0	0.0	0.0	0.0	0.0	0.0	0.0	0.00303389939322	0.0	0.0	0.0	0.0	0.0	0.0	0.0	0.0	0.0	0.0	0.0	0.0	0.0	0.0	0.0
k__Bacteria;p__Proteobacteria;c__Gammaproteobacteria;o__Aeromonadales;f__Aeromonadaceae;g__Aeromonas	0.0	0.0	0.0	0.0	0.0	0.0	0.0	0.0336681033668	0.0	0.0	0.0	0.0	0.0	0.0	0.0	0.0	0.0	0.0	0.0	0.0	0.0	0.0	0.0	0.0	0.0	0.0	0.0	0.0	0.0	0.0	0.0	0.0	0.0	0.0	0.0	0.0	0.0	0.0	0.0	0.0	0.0	0.0
k__Bacteria;p__Proteobacteria;c__Gammaproteobacteria;o__Enterobacteriales;f__Enterobacteriaceae;g__Buchnera	0.0449971	0.0	0.0	0.0	0.0	0.0	0.0	0.0	0.0	0.0	0.0	0.0	0.0	0.0	0.0	0.0	0.0	0.0	0.0	0.0	0.0	0.0	0.0	0.0	0.0	0.0	0.0	0.0	0.0	0.0	0.0	0.0	0.0	0.0	0.0	0.0	0.0	0.0	0.0	0.0	0.0	0.0
k__Bacteria;p__Proteobacteria;c__Gammaproteobacteria;o__Enterobacteriales;f__Enterobacteriaceae;g__Candidatus_Hamiltonella	0.0	0.0	0.0	0.00767820153564	0.0	0.0	0.0	0.0	0.0	0.0	0.0	0.0	0.0	0.0	0.0	0.0	0.0	0.0351649	0.0	0.0	0.0	0.0	0.0	0.0	0.0	0.0	0.0	0.0	0.0	0.0	0.0	0.0	0.0	0.0	0.0001614	0.0	0.0	0.0	0.0	0.0	0.0	0.00210660021066
k__Bacteria;p__Proteobacteria;c__Gammaproteobacteria;o__Enterobacteriales;f__Enterobacteriaceae;g__Enterobacter	0.0	0.0996901700929	0.0	0.0265553053111	0.0	0.0	0.0	0.0591728059173	0.0	0.0	0.0	0.0	0.0	0.0	0.0	0.0455121091024	0.0	0.0	0.2723602	0.00606090060609	0.0	0.0570014	0.0	0.0	0.0	0.0	0.0	0.0	0.0726096290439	0.00128249987175	0.00422184978891	0.0	0.0	0.0	0.0	0.0	0.0	0.00638749936125	0.0	0.019240198076	0.0	0.0
k__Bacteria;p__Proteobacteria;c__Gammaproteobacteria;o__Enterobacteriales;f__Enterobacteriaceae;g__Erwinia	0.0	0.0	0.0	0.0130175026035	0.0	0.0	0.0	0.0	0.0	0.0	0.0	0.0	0.0	0.0	0.0	0.0	0.0	0.0	0.0	0.00257150025715	0.0	0.0	0.0	0.0	0.0	0.0	0.0	0.0	0.0	0.0	0.0	0.0	0.0	0.0	0.0	0.0	0.0	0.0	0.0	0.0	0.0	0.0
k__Bacteria;p__Proteobacteria;c__Gammaproteobacteria;o__Enterobacteriales;f__Enterobacteriaceae;g__Escherichia	0.0	0.0198226940532	0.0	0.00350670070134	0.0	0.0	0.0	0.0	0.00686589862682	0.0	0.0	0.0	0.0	0.0	0.0	0.0123588024718	0.0	0.0	0.0277262	0.0	0.0	0.0	0.00622639875472	0.0	0.0	0.0	0.0	0.0	0.0189506075802	0.0035979996402	0.0	0.0	0.0	0.0	0.0	0.0	0.0	0.0	0.180783581922	0.0	0.0	0.00307990030799
k__Bacteria;p__Proteobacteria;c__Gammaproteobacteria;o__Enterobacteriales;f__Enterobacteriaceae;g__Klebsiella	0.0	0.0	0.0	0.0	0.0	0.0	0.0	0.0	0.0	0.0	0.0	0.0	0.0	0.0	0.0	0.0	0.0	0.0444311	0.0	0.00167980016798	0.0	0.0	0.0	0.0	0.0	0.0	0.0	0.0	0.0	0.0	0.0	0.0	0.0	0.0	0.0	0.0	0.0	0.0	0.0	0.0	0.0	0.0
k__Bacteria;p__Proteobacteria;c__Gammaproteobacteria;o__Enterobacteriales;f__Enterobacteriaceae;g__Pantoea	0.0682683	0.0	0.0	0.0367607073521	0.0	0.00708259787522	0.0	0.0	0.020904795819	0.00320950096285	0.0	0.0301992969801	0.0	0.0	0.0150595	0.0	0.0	0.1022105	0.008581	0.0121411012141	0.0	0.0	0.0	0.0	0.128902761329	0.0	0.0	0.0	0.0129809051924	0.0	0.0335112983244	0.0	0.00594289881142	0.010135097973	0.0073345	0.0785072921493	0.0	0.0	0.0	0.0282351971765	0.0466863953314	0.00617950061795
k__Bacteria;p__Proteobacteria;c__Gammaproteobacteria;o__Enterobacteriales;f__Enterobacteriaceae;g__Providencia	0.0	0.0	0.0	0.0	0.0	0.0	0.0	0.0	0.0	0.0	0.0	0.0	0.0	0.0	0.0	0.0	0.0	0.0	0.0	0.0	0.0	0.0	0.0	0.0	0.0	0.0	0.0	0.0	0.0	0.0	0.0	0.0	0.0	0.0	0.0	0.0	0.0	0.0	0.0	0.0	0.0	0.00561730056173
k__Bacteria;p__Proteobacteria;c__Gammaproteobacteria;o__Enterobacteriales;f__Enterobacteriaceae;g__Rahnella	0.0	0.0	0.0	0.0	0.0	0.0	0.0	0.0	0.0732805853439	0.0	0.0	0.0	0.0	0.0	0.0	0.0	0.0	0.0	0.0	0.0	0.0	0.0	0.0	0.0	0.0	0.0	0.0	0.0	0.0	0.0	0.00105454994727	0.0	0.0	0.0	0.0	0.0	0.0	0.0	0.0	0.0	0.0	0.0
k__Bacteria;p__Proteobacteria;c__Gammaproteobacteria;o__Enterobacteriales;f__Enterobacteriaceae;g__Serratia	0.0	0.0	0.0	0.0	0.0	0.0	0.0	0.0	0.0	0.0	0.0	0.0	0.0	0.0	0.0	0.0	0.0	0.0	0.0	0.0	0.0	0.0	0.0	0.0	0.0221470933559	0.0	0.0	0.0	0.0	0.0	0.442236177888	0.262716126272	0.0	0.0	0.0	0.0	0.0	0.0	0.0	0.0	0.0	0.0
k__Bacteria;p__Proteobacteria;c__Gammaproteobacteria;o__Pasteurellales;f__Pasteurellaceae;g__Haemophilus	0.0	0.0	0.0	0.0	0.0	0.0	0.0	0.0	0.0	0.0	0.0	0.0	0.0	0.0	0.0	0.0	0.0	0.0	0.0	0.0	0.0	0.0	0.0	0.0	0.0	0.0	0.00166729966654	0.0	0.0	0.0	0.0	0.0	0.0	0.0	0.0	0.0	0.0	0.0	0.0	0.0	0.0	0.0
k__Bacteria;p__Proteobacteria;c__Gammaproteobacteria;o__Pseudomonadales;f__Moraxellaceae;g__Acinetobacter	0.0	0.0109411967176	0.0335823932835	0.0179470035894	0.0	0.0860541741837	0.00312969937406	0.0	0.00243229951354	0.039583211875	0.0	0.00513829948617	0.0071760007176	0.169937649019	0.0087742	0.0141839028368	0.0	0.411778	0.0	0.00244710024471	0.0	0.0349139	0.0121958975608	0.0	0.0	0.0	0.0	0.0	0.00377990151196	0.215360478464	0.0148254992587	0.00410990041099	0.0831990833602	0.00774079845184	0.0161204	0.0	0.0	0.0	0.0	0.00434109956589	0.0	0.00343460034346
k__Bacteria;p__Proteobacteria;c__Gammaproteobacteria;o__Pseudomonadales;f__Moraxellaceae;g__Enhydrobacter	0.0	0.00272019918394	0.00341059931788	0.004470000894	0.0	0.0122219963334	0.034735193053	0.0	0.0243857951228	0.338976201693	0.0269435919169	0.0	0.0126080012608	0.206014838196	0.0	0.0	0.0	0.0675478	0.004797	0.321769632177	0.0	0.0046581	0.00764059847188	0.0	0.00049459985162	0.0	0.0038074992385	0.0241365048273	0.0139831055932	0.0255705974429	0.0389645480518	0.00745020074502	0.0125873974825	0.0248331950334	0.0637986	0.0193879980612	0.0	0.0	0.0	0.00229969977003	0.0	0.00248340024834
k__Bacteria;p__Proteobacteria;c__Gammaproteobacteria;o__Pseudomonadales;f__Pseudomonadaceae;g__Pseudomonas	0.2627504	0.142406857278	0.108172578365	0.138557927712	0.0	0.114119865764	0.0078354984329	0.11150061115	0.246622350676	0.00609840182952	0.139158058253	0.284330371567	0.0907394090739	0.0412715876185	0.0808832	0.0887859177572	0.0	0.0914936	0.0774612	0.0585059058506	0.0705276141055	0.2459414	0.119732276054	0.0	0.0763118771064	0.6177105	0.0178703964259	0.0549555109911	0.0680709272284	0.142163085784	0.0478410476079	0.289258428926	0.151563869687	0.0192580961484	0.0205127	0.0739715926028	0.340323234032	0.02489969751	0.243516175648	0.212831478717	0.261137373886	0.0995687099569
k__Bacteria;p__Proteobacteria;c__Gammaproteobacteria;o__Xanthomonadales;f__Sinobacteraceae;Other	0.0	0.0	0.0	0.0	0.0	0.0	0.0	0.0	0.0	0.0	0.0	0.0	0.0	0.0	0.0	0.0	0.0	0.0	0.0	0.0	0.0	0.0	0.0	0.0	0.0	0.0	0.0	0.0	0.0	0.0	0.0	0.0	0.0	0.0	0.0	0.0	0.0	0.0	0.0	0.0	0.0376893962311	0.0
k__Bacteria;p__Proteobacteria;c__Gammaproteobacteria;o__Xanthomonadales;f__Xanthomonadaceae;g__Stenotrophomonas	0.0	0.0	0.0	0.00186620037324	0.0	0.00379059886282	0.0	0.0	0.00053389989322	0.0	0.0	0.00262169973783	0.00544440054444	0.0	0.0	0.00620440124088	0.0	0.0	0.0007003	0.00621240062124	0.0	0.0015519	0.0	0.0	0.0	0.0	0.0	0.001740000348	0.00631290252516	0.011629898837	0.00029059998547	0.0	0.00693469861306	0.0	0.0	0.0	0.0	0.0	0.0	0.00360909963909	0.0	0.00257790025779
k__Eukaryota;p__Ascomycota;c__Eurotiomycetes;o__Eurotiales;f__Aspergillaceae;Other	0.0	0.0	0.0	0.00404730080946	0.0	0.0	0.0	0.0	0.0	0.0	0.0	0.0	0.0	0.0	0.0	0.0	0.0	0.0	0.0	0.0	0.0	0.0	0.0	0.0	0.0	0.0	0.0	0.0	0.0	0.0	0.00207939989603	0.0	0.0	0.0	0.0	0.0	0.0	0.0	0.0	0.0	0.0	0.0
k__Eukaryota;p__Basidiomycota;c__Exobasidiomycetes;o__Malasseziales;f__Malasseziaceae;g__Malassezia	0.0	0.0	0.0	0.0	0.0	0.0	0.00124009975198	0.0	0.0	0.0	0.0	0.0	0.0	0.0	0.0	0.0	0.0	0.0	0.0	0.0	0.0	0.0	0.0	0.0	0.0	0.0	0.0	0.0	0.0	0.0	0.0	0.0	0.0	0.0	0.0	0.0	0.0	0.0	0.0	0.0	0.0	0.0
k__Viruses;p__Viruses_noname;c__Viruses_noname;o__Caudovirales;f__Myoviridae;g__Myoviridae_noname	0.0	0.0	0.0	0.0	0.0	0.0	0.0	0.0	0.0	0.0	0.0	0.0	0.0	0.0	0.0	0.0	0.0	0.0	0.2132944	0.0	0.0	0.0	0.0	0.0	0.0	0.0	0.0	0.0	0.0	0.0	0.0	0.0	0.0	0.0	0.0	0.0	0.0	0.0	0.0	0.0	0.0	0.0
k__Viruses;p__Viruses_noname;c__Viruses_noname;o__Caudovirales;f__Podoviridae;g__Podoviridae_noname	0.0	0.0	0.0	0.191881538376	0.0	0.0	0.0	0.0	0.0	0.0	0.0	0.0	0.0	0.0	0.0	0.0	0.0	0.0	0.0	0.0	0.0	0.0	0.0	0.0	0.0	0.0	0.0	0.0	0.0	0.0	0.0	0.0	0.0	0.0	0.0	0.0	0.0	0.0	0.0	0.0	0.0	0.180640518064
k__Viruses;p__Viruses_noname;c__Viruses_noname;o__Caudovirales;f__Siphoviridae;g__C2likevirus	0.0	0.0	0.0717193856561	0.0	0.0	0.00252209924337	0.00389629922074	0.0	0.00735809852838	0.00173730052119	0.0	0.0	0.00451210045121	0.0	0.0	0.0	0.0	0.0	0.0	0.0	0.0	0.0122296	0.00793839841232	0.0	0.0	0.0	0.0142178971564	0.0241453048291	0.00338490135396	0.00128529987147	0.0	0.0	0.0	0.0	0.0048697	0.00367829963217	0.0	0.0027349997265	0.0	0.00661449933855	0.0	0.00220050022005
k__Viruses;p__Viruses_noname;c__Viruses_noname;o__Caudovirales;f__Siphoviridae;g__Siphoviridae_noname	0.0	0.0	0.0	0.0	0.0	0.0	0.141363171727	0.0	0.0	0.0	0.0	0.0	0.0	0.0261822921453	0.0	0.0	0.0	0.0	0.0	0.0	0.0	0.0	0.0	0.0	0.0	0.0	0.0	0.0	0.0	0.0	0.0	0.0	0.0	0.0	0.0	0.0	0.0	0.0	0.0	0.0	0.0	0.0
k__Viruses;p__Viruses_noname;c__Viruses_noname;o__Viruses_noname;f__Inoviridae;g__Plectrovirus	0.0	0.0214774935568	0.0	0.0	0.0	0.0	0.0	0.0	0.0	0.0	0.0	0.0	0.0136851013685	0.0	0.0	0.0	0.0	0.0	0.0	0.0	0.0	0.0	0.0240769951846	0.0	0.0	0.0	0.0	0.0	0.0	0.0	0.0	0.0	0.0	0.0	0.0	0.0	0.0	0.0	0.0	0.0	0.0	0.0
k__Viruses;p__Viruses_noname;c__Viruses_noname;o__Viruses_noname;f__Papillomaviridae;g__Alphapapillomavirus	0.0	0.0	0.0	0.0	0.0	0.0	0.0	0.0	0.0	0.0496450148935	0.0	0.0	0.0	0.0	0.0	0.0	0.0	0.0	0.0	0.0	0.0	0.0	0.0	0.0	0.0	0.0	0.0	0.0	0.0	0.0	0.0	0.0	0.0	0.0	0.0142568	0.0	0.0	0.0	0.0	0.0	0.0	0.0
k__Viruses;p__Viruses_noname;c__Viruses_noname;o__Viruses_noname;f__Papillomaviridae;g__Mupapillomavirus	0.0	0.0	0.0	0.0	0.0	0.0	0.0	0.0	0.0	0.0	0.0	0.0	0.0	0.0	0.0	0.0	0.0	0.0	0.0	0.0	0.0	0.0	0.0	0.0	0.0	0.0	0.0	0.0	0.0	0.0	0.0	0.0	0.0	0.0	0.027669	0.0	0.0	0.0	0.0	0.0	0.0	0.0
k__Viruses;p__Viruses_noname;c__Viruses_noname;o__Viruses_noname;f__Retroviridae;g__Gammaretrovirus	0.0	0.0	0.0	0.0	0.0	0.0	0.0	0.0	0.0	0.0	0.0	0.0	0.0	0.0	0.0	0.0	0.0	0.0	0.0	0.0	0.0	0.0	0.0	0.0	0.0	0.0	0.00465579906884	0.0	0.0	0.0	0.0	0.0	0.0	0.0	0.0	0.0	0.0	0.0	0.0	0.0	0.0	0.0
