Taxon	AAGAGGCA.AGAGGATA	AAGAGGCA.ATAGAGAG	AAGAGGCA.CTCCTTAC	AGGCAGAA.AGAGGATA	AGGCAGAA.ATAGAGAG	AGGCAGAA.CTCCTTAC	AGGCAGAA.TACTCCTT	AGGCAGAA.TATGCAGT	ATCTCAGG.AGAGGATA	ATCTCAGG.ATAGAGAG	CGTACTAG.AGAGGATA	CGTACTAG.ATAGAGAG	CGTACTAG.CTCCTTAC	CGTACTAG.TACTCCTT	CGTACTAG.TATGCAGT	CTCTCTAC.AGAGGATA	CTCTCTAC.ATAGAGAG	CTCTCTAC.CTCCTTAC	CTCTCTAC.TATGCAGT	GCTCATGA.CTCCTTAC	GCTCATGA.TATGCAGT	GGACTCCT.AGAGGATA	GGACTCCT.CTCCTTAC	GGACTCCT.TACTCCTT	GGACTCCT.TATGCAGT	GTAGAGGA.AGAGGATA	GTAGAGGA.ATAGAGAG	GTAGAGGA.CTCCTTAC	GTAGAGGA.TATGCAGT	TAAGGCGA.AGAGGATA	TAAGGCGA.ATAGAGAG	TAAGGCGA.CTCCTTAC	TAAGGCGA.TACTCCTT	TAAGGCGA.TATGCAGT	TAGGCATG.AGAGGATA	TAGGCATG.ATAGAGAG	TAGGCATG.TATGCAGT	TCCTGAGC.AGAGGATA	TCCTGAGC.ATAGAGAG	TCCTGAGC.CTCCTTAC	TCCTGAGC.TACTCCTT	TCCTGAGC.TATGCAGT
k__Bacteria;p__Acidobacteria;c__Acidobacteriia;o__Acidobacteriales	0.0	0.0105125968462	0.0125191974962	0.0239943047989	0.0	0.00374419887674	0.00462739907452	0.0	0.0	0.0	0.0410908876727	0.00466429953357	0.0237818023782	0.0	0.0159223	0.0	0.0173134982687	0.0	0.005609	0.0	0.0720347144069	0.0	0.0679393864121	0.0	0.00866029740191	0.0	0.00658979868204	0.0690054138011	0.0	0.0	0.00573284971336	0.0	0.0184288963142	0.0	0.0177617	0.0	0.0287118028712	0.0	0.0	0.00459339954066	0.0	0.00653350065335
k__Bacteria;p__Actinobacteria;c__Actinobacteria;o__Actinomycetales	0.2575503	0.22423403273	0.492838501432	0.308404161681	0.662834533717	0.293256312023	0.514027997194	0.360387936039	0.301677239665	0.263551779066	0.356845292946	0.178731782127	0.375091037509	0.311278806616	0.4902938	0.407723781545	0.144707985529	0.0835941	0.1832154	0.121757112176	0.286633057327	0.390233	0.404945819011	1.0	0.450158264953	0.3440486	0.513362997327	0.376118575224	0.477287890915	0.198385580161	0.192927040354	0.145753314575	0.325168334966	0.684894663021	0.4529925	0.269276173072	0.346965434697	0.0652041934796	0.0785664921434	0.211730078827	0.458479154152	0.33719593372
k__Bacteria;p__Actinobacteria;c__Actinobacteria;o__Bifidobacteriales	0.0	0.00778759766372	0.0	0.00455420091084	0.0	0.00741759777472	0.0229805954039	0.0	0.0	0.0	0.00063019981094	0.0	0.00423150042315	0.0006269998119	0.0025439	0.0	0.0	0.0	0.0021211	0.00283590028359	0.0	0.0033103	0.0	0.0	0.0175561947331	0.0	0.0645485870903	0.00542120108424	0.0034240013696	0.0	0.00270984986451	0.00285770028577	0.00793379841324	0.0100895979821	0.0082369	0.0264548973545	0.0	0.0	0.0	0.0	0.0	0.00205170020517
k__Bacteria;p__Actinobacteria;c__Actinobacteria;o__Coriobacteriales	0.0	0.0	0.0	0.0	0.0	0.0	0.00178869964226	0.0	0.0	0.0	0.0	0.0	0.0	0.0	0.0	0.0	0.0	0.0	0.0	0.0	0.0	0.0	0.002354999529	0.0	0.0	0.0	0.00228559954288	0.0	0.0	0.0	0.0	0.0	0.0	0.0	0.0004006	0.0	0.0	0.00331459966854	0.0	0.0	0.0	0.0
k__Bacteria;p__Actinobacteria;c__Actinobacteria;o__Solirubrobacterales	0.0	0.0	0.00792489841502	0.00275080055016	0.0	0.00540339837898	0.0	0.0	0.00258459948308	0.0	0.0	0.00506159949384	0.0024750002475	0.00190559942832	0.0	0.0137920027584	0.0	0.0	0.0	0.0	0.0	0.0034951	0.0161625967675	0.0	0.0	0.0	0.0	0.0100354020071	0.0119894047958	0.00279149972085	0.00109949994503	0.0	0.00696879860624	0.0	0.0039108	0.0	0.0	0.00252669974733	0.00855919914408	0.0040969995903	0.0	0.00463070046307
k__Bacteria;p__Bacteroidetes;c__Bacteroidia;o__Bacteroidales	0.0	0.0	0.0	0.0090355018071	0.0	0.0	0.0	0.0	0.0	0.0	0.0	0.0	0.0	0.0	0.0	0.0	0.0	0.0	0.0	0.0301212030121	0.0	0.0	0.0	0.0	0.0	0.0	0.00224409955118	0.0	0.0	0.0	0.00303619984819	0.0	0.0	0.0	0.0029218	0.0	0.0	0.234408176559	0.0	0.0	0.0	0.0
k__Bacteria;p__Bacteroidetes;c__Cytophagia;o__Cytophagales	0.0	0.0138725958382	0.035529792894	0.0199342039868	0.0	0.0285383914385	0.0131630973674	0.0103234010323	0.0381663923667	0.00085410025623	0.0645637806309	0.0458994954101	0.0426635042664	0.0	0.0241884	0.0466238093248	0.0	0.0036672	0.0211846	0.00097880009788	0.0406185081237	0.0330461	0.0632496873501	0.0	0.0269940919018	0.0	0.00617209876558	0.0532833106567	0.0376137150455	0.00930749906925	0.0118573494071	0.00285170028517	0.03310009338	0.0136124972775	0.0182826	0.0195086980491	0.0210117021012	0.0025939997406	0.0123623987638	0.0414133958587	0.0107938989206	0.0276675027668
k__Bacteria;p__Bacteroidetes;c__Flavobacteriia;o__Flavobacteriales	0.0	0.0	0.0	0.0	0.0	0.00123819962854	0.0	0.0	0.00081809983638	0.0	0.0224872932538	0.00465389953461	0.0	0.0	0.0	0.0	0.0	0.0	0.0	0.0	0.0	0.0	0.0	0.0	0.0	0.0	0.0	0.0	0.0	0.0	0.0	0.00723560072356	0.00070389985922	0.0	0.0028701	0.0	0.0	0.0	0.0	0.00381779961822	0.0	0.00073130007313
k__Bacteria;p__Bacteroidetes;c__Sphingobacteriia;o__Sphingobacteriales	0.140709	0.0536320839104	0.0965481806904	0.00632060126412	0.0	0.172154948354	0.0328904934219	0.0	0.160878267824	0.00460190138057	0.123715662885	0.196889780311	0.178911617891	0.00442039867388	0.0868667	0.155597231119	0.0	0.0	0.0892913	0.0160010016001	0.0556337111267	0.0578928	0.0	0.0	0.0585408824377	0.0	0.0	0.151668630334	0.105904842362	0.00855519914448	0.0264096986795	0.0259562025956	0.062560087488	0.0388486922303	0.0376565	0.111434288857	0.134176913418	0.0	0.336253766375	0.302892269711	0.0	0.180645718065
k__Bacteria;p__Cyanobacteria;c__Cyanobacteria_noname;o__Nostocales	0.0	0.0	0.0	0.0	0.0	0.00088309973507	0.0	0.0	0.0	0.0	0.0	0.0	0.0	0.0	0.0	0.0	0.0	0.0	0.0	0.0	0.0	0.0	0.00797119840576	0.0	0.0	0.0	0.0	0.0	0.0	0.00182259981774	0.0	0.0	0.0	0.0	0.0	0.0	0.0	0.0	0.0	0.0	0.0	0.0
k__Bacteria;p__Cyanobacteria;c__Cyanobacteria_noname;o__Oscillatoriales	0.0	0.00945689716293	0.0	0.00334590066918	0.052259894774	0.0355626893312	0.0	0.0	0.0	0.0	0.0	0.0	0.0	0.0	0.0071617	0.0	0.0	0.0	0.0	0.0	0.0	0.0244986	0.0106014978797	0.0	0.0	0.0	0.0126528974694	0.00973190194638	0.00452040180816	0.0179271982073	0.0034380998281	0.0064030006403	0.00823839835232	0.0	0.0	0.0	0.0	0.0	0.0	0.0	0.0	0.0
k__Bacteria;p__Deinococcus_Thermus;c__Deinococci;o__Deinococcales	0.0	0.0342969897109	0.0115786976843	0.0242691048538	0.0	0.00814349755695	0.0150967969806	0.071609607161	0.0	0.00195830058749	0.0148953955314	0.020289697971	0.0364225036423	0.00265059920482	0.0	0.0712768142554	0.0180748981925	0.0	0.0213207	0.0	0.0566191113238	0.0328766	0.0897123820575	0.0	0.032673490198	0.0330596	0.0057384988523	0.0647064129413	0.0327881131152	0.0372212962779	0.0103907494805	0.00387030038703	0.0208584958283	0.0123681975264	0.0213979	0.0118767988123	0.0	0.0	0.0	0.00427149957285	0.0279519972048	0.011940401194
k__Bacteria;p__Firmicutes;c__Bacilli;o__Bacillales	0.0765008	0.0159112952266	0.0	0.0690689138138	0.284905571509	0.0213041936087	0.113610777278	0.0	0.0023784995243	0.236570870971	0.04346658696	0.0	0.00770420077042	0.0025529992341	0.1658069	0.0	0.0	0.0082065	0.0028886	0.00303070030307	0.0	0.0	0.046430090714	0.0	0.0301339909598	0.0051813	0.119735176053	0.0210011042002	0.0100465040186	0.0138139986186	0.0285022985749	0.0943284094328	0.0162996967401	0.0988989802202	0.1641026	0.130089586991	0.0	0.0300328969967	0.0	0.00155719984428	0.0788714921129	0.00615320061532
k__Bacteria;p__Firmicutes;c__Bacilli;o__Lactobacillales	0.044927	0.226172732148	0.0108378978324	0.0126678025336	0.0	0.00741919777424	0.0389006922199	0.0	0.0	0.00735230220569	0.0292210912337	0.0	0.0	0.0	0.0314358	0.0310171062034	0.0	0.0	0.0	0.0016090001609	0.0	0.0	0.0090694981861	0.0	0.0220307933908	0.0	0.161560867688	0.0176327035265	0.00247330098932	0.138444486156	0.032480398376	0.0182554018255	0.00239739952052	0.0206095958781	0.0324115	0.163131683687	0.0665684066568	0.581166441883	0.0878041912196	0.0116451988355	0.0	0.010359701036
k__Bacteria;p__Firmicutes;c__Clostridia;o__Clostridiales	0.0	0.0	0.0	0.00357040071408	0.0	0.00196759940972	0.0110892977821	0.0234650023465	0.0	0.00204980061494	0.0	0.0	0.0047740004774	0.0	0.0	0.0	0.0	0.0	0.0	0.182051418205	0.0	0.020984	0.019234796153	0.0	0.0	0.0	0.0508253898349	0.00139760027952	0.0	0.00245459975454	0.00629019968549	0.00857670085767	0.00745179850964	0.00626329874734	0.0180306	0.0191505980849	0.0	0.0298392970161	0.0	0.0	0.0594148940585	0.0
k__Bacteria;p__Firmicutes;c__Negativicutes;o__Selenomonadales	0.0	0.00483309855007	0.0	0.00075680015136	0.0	0.0	0.00071429985714	0.0	0.0	0.0	0.0	0.0	0.0	0.0	0.0	0.0	0.0	0.0	0.0	0.0	0.0	0.0	0.0	0.0	0.0	0.0	0.005324998935	0.0	0.0	0.0	0.0	0.0	0.0	0.0	0.0013685	0.00505279949472	0.0	0.0	0.0	0.0	0.0	0.0
k__Bacteria;p__Proteobacteria;c__Alphaproteobacteria;o__Caulobacterales	0.0	0.0447905865628	0.0168883966223	0.0178189035638	0.0	0.0237982928605	0.00437669912466	0.0	0.0160670967866	0.00204790061437	0.00994389701683	0.070080092992	0.0201130020113	0.0102641969207	0.0180684	0.0193409038682	0.0	0.0	0.0163846	0.00994070099407	0.0230453046091	0.0318517	0.0389516922097	0.0	0.0435885869234	0.0	0.0	0.0157080031416	0.020277408111	0.0139532986047	0.0125263493737	0.00741770074177	0.0375231924954	0.00592359881528	0.0104224	0.0	0.0228987022899	0.00438589956141	0.0	0.0239764976024	0.0	0.0236110023611
k__Bacteria;p__Proteobacteria;c__Alphaproteobacteria;o__Rhizobiales	0.0	0.0	0.0277345944531	0.00538740107748	0.0	0.00848159745552	0.0	0.0	0.0	0.0	0.0	0.0138586986141	0.0	0.00709459787162	0.0	0.0	0.0	0.0	0.0075239	0.0217862021786	0.0	0.0	0.0	0.0	0.0142995957101	0.0	0.0	0.0102977020595	0.0209495083798	0.00726519927348	0.00301839984908	0.0	0.0009379998124	0.0128815974237	0.0013182	0.0	0.0	0.0	0.0	0.0	0.0164117983588	0.0136193013619
k__Bacteria;p__Proteobacteria;c__Alphaproteobacteria;o__Rhodobacterales	0.0	0.0	0.0	0.00203870040774	0.0	0.00199829940051	0.00504939899012	0.0	0.0	0.0130462039139	0.0	0.0	0.0	0.0503116849065	0.0	0.0	0.0	0.0	0.0026137	0.00996620099662	0.0	0.0	0.0	0.0	0.0	0.0	0.0	0.0014795002959	0.00396660158664	0.0	0.00347924982604	0.0	0.00598279880344	0.0	0.0086957	0.0	0.0	0.0	0.0	0.0	0.0	0.0
k__Bacteria;p__Proteobacteria;c__Alphaproteobacteria;o__Rhodospirillales	0.0	0.0230796930761	0.0	0.0	0.0	0.00318079904576	0.00100969979806	0.0	0.0	0.0	0.0	0.0235848976415	0.00853570085357	0.00828239751528	0.0	0.0	0.0	0.0	0.0014923	0.142461114246	0.00487280097456	0.0	0.0	0.0	0.00336569899029	0.0	0.0	0.00692130138426	0.00468920187568	0.0016779998322	0.00587749970613	0.0	0.0115589976882	0.0	0.0035816	0.0	0.0	0.0	0.0	0.0	0.0	0.0
k__Bacteria;p__Proteobacteria;c__Alphaproteobacteria;o__Rickettsiales	0.0760947	0.0135884959235	0.0	0.008915001783	0.0	0.00237749928675	0.0	0.287288228729	0.00609429878114	0.0158731047619	0.0657338802798	0.00902009909799	0.0	0.00589779823066	0.0	0.0	0.798917220108	0.1246604	0.0026669	0.0264571026457	0.248137549628	0.0	0.0	0.0	0.011576596527	0.0	0.0	0.0	0.0	0.0144814985519	0.0185893990705	0.0797372079737	0.00199229960154	0.0	0.0	0.0532043946796	0.0	0.0	0.0265835973416	0.0	0.00256359974364	0.0147854014785
k__Bacteria;p__Proteobacteria;c__Alphaproteobacteria;o__Sphingomonadales	0.0	0.0	0.00593619881276	0.0	0.0	0.0154463953661	0.0	0.0	0.0115768976846	0.00099230029769	0.0	0.00528419947158	0.00376920037692	0.00287059913882	0.0	0.0	0.0	0.0	0.0017784	0.00805460080546	0.0220566044113	0.0099679	0.0	0.0	0.0	0.0	0.0	0.0116712023342	0.0116527046611	0.0	0.000378049981098	0.0	0.013714997257	0.00330309933938	0.0031931	0.0	0.00808560080856	0.0	0.0	0.00447759955224	0.0	0.0
k__Bacteria;p__Proteobacteria;c__Betaproteobacteria;o__Burkholderiales	0.0282024	0.0207726937682	0.0647786870443	0.0308789061758	0.0	0.131892460432	0.0224579955084	0.0425843042584	0.077374884525	0.0118518035555	0.0613043816087	0.0996917900308	0.157361915736	0.148436955469	0.0529952	0.0875832175166	0.0209863979014	0.0272459	0.0369892	0.0115606011561	0.119821023964	0.0355476	0.0455657908868	0.0	0.0525651842304	0.0	0.00370619925876	0.0689427137885	0.0523435209374	0.131008186899	0.0453456977327	0.0332221033222	0.15795206841	0.0303389939322	0.0357213	0.0152748984725	0.0312582031258	0.0125055987494	0.0255705974429	0.108356789164	0.0	0.0521857052186
k__Bacteria;p__Proteobacteria;c__Betaproteobacteria;o__Gallionellales	0.0	0.0	0.0	0.0	0.0	0.0	0.00601609879678	0.0	0.0	0.0	0.0	0.0	0.0	0.0	0.0	0.0	0.0	0.0	0.0	0.0	0.0	0.0	0.0	0.0	0.0	0.0	0.0	0.0	0.0	0.0	0.0	0.0	0.0	0.0	0.0	0.0	0.0	0.0	0.0	0.0	0.0	0.0
k__Bacteria;p__Proteobacteria;c__Betaproteobacteria;o__Methylophilales	0.0	0.0	0.0	0.0	0.0	0.0	0.0	0.0	0.0	0.0	0.0	0.0	0.0	0.0	0.0	0.0	0.0	0.0	0.0	0.0	0.0	0.0	0.0	0.0	0.0	0.0	0.0	0.0	0.0	0.0	0.000886149955693	0.0	0.0	0.0	0.0	0.0	0.0	0.0	0.0	0.0	0.0	0.0
k__Bacteria;p__Proteobacteria;c__Betaproteobacteria;o__Neisseriales	0.0	0.0	0.0	0.0	0.0	0.0	0.0	0.0	0.0	0.0	0.0	0.0	0.0	0.0	0.0	0.0	0.0	0.0	0.0	0.0	0.0	0.0	0.0	0.0	0.0	0.0	0.00303389939322	0.0	0.0	0.0	0.0	0.0	0.0	0.0	0.0	0.0	0.0	0.0	0.0	0.0	0.0	0.0
k__Bacteria;p__Proteobacteria;c__Gammaproteobacteria;o__Aeromonadales	0.0	0.0	0.0	0.0	0.0	0.0	0.0	0.0336681033668	0.0	0.0	0.0	0.0	0.0	0.0	0.0	0.0	0.0	0.0	0.0	0.0	0.0	0.0	0.0	0.0	0.0	0.0	0.0	0.0	0.0	0.0	0.0	0.0	0.0	0.0	0.0	0.0	0.0	0.0	0.0	0.0	0.0	0.0
k__Bacteria;p__Proteobacteria;c__Gammaproteobacteria;o__Enterobacteriales	0.1132654	0.119512864146	0.0	0.0875184175037	0.0	0.00708259787522	0.0	0.0591728059173	0.10105127979	0.00320950096285	0.0	0.0301992969801	0.0	0.0	0.0150595	0.0578709115742	0.0	0.1818065	0.3086674	0.0224533022453	0.0	0.0570014	0.00622639875472	0.0	0.151049854685	0.0	0.0	0.0	0.104541141816	0.00488049951195	0.481023875949	0.262716126272	0.00594289881142	0.010135097973	0.0074959	0.0785072921493	0.0	0.00638749936125	0.180783581922	0.0474753952525	0.0466863953314	0.0169833016983
k__Bacteria;p__Proteobacteria;c__Gammaproteobacteria;o__Pasteurellales	0.0	0.0	0.0	0.0	0.0	0.0	0.0	0.0	0.0	0.0	0.0	0.0	0.0	0.0	0.0	0.0	0.0	0.0	0.0	0.0	0.0	0.0	0.0	0.0	0.0	0.0	0.00166729966654	0.0	0.0	0.0	0.0	0.0	0.0	0.0	0.0	0.0	0.0	0.0	0.0	0.0	0.0	0.0
k__Bacteria;p__Proteobacteria;c__Gammaproteobacteria;o__Pseudomonadales	0.2627504	0.15606825318	0.145165570967	0.160974932195	0.0	0.212396036281	0.0457003908599	0.11150061115	0.273440445312	0.384657815397	0.16610165017	0.289468671053	0.110523411052	0.417224074833	0.0896574	0.102969820594	0.0	0.5708194	0.0822582	0.382722638272	0.0705276141055	0.2855134	0.139568772086	0.0	0.0768064769581	0.6177105	0.0216778956644	0.0790920158184	0.0858339343336	0.383094161691	0.101631094918	0.300818530082	0.24735035053	0.0518320896336	0.1004317	0.093359590664	0.340323234032	0.02489969751	0.243516175648	0.219472278053	0.261137373886	0.105486710549
k__Bacteria;p__Proteobacteria;c__Gammaproteobacteria;o__Xanthomonadales	0.0	0.0	0.0	0.00186620037324	0.0	0.00379059886282	0.0	0.0	0.00053389989322	0.0	0.0	0.00262169973783	0.00544440054444	0.0	0.0	0.00620440124088	0.0	0.0	0.0007003	0.00621240062124	0.0	0.0015519	0.0	0.0	0.0	0.0	0.0	0.001740000348	0.00631290252516	0.011629898837	0.00029059998547	0.0	0.00693469861306	0.0	0.0	0.0	0.0	0.0	0.0	0.00360909963909	0.0376893962311	0.00257790025779
k__Eukaryota;p__Ascomycota;c__Eurotiomycetes;o__Eurotiales	0.0	0.0	0.0	0.00404730080946	0.0	0.0	0.0	0.0	0.0	0.0	0.0	0.0	0.0	0.0	0.0	0.0	0.0	0.0	0.0	0.0	0.0	0.0	0.0	0.0	0.0	0.0	0.0	0.0	0.0	0.0	0.00207939989603	0.0	0.0	0.0	0.0	0.0	0.0	0.0	0.0	0.0	0.0	0.0
k__Eukaryota;p__Basidiomycota;c__Exobasidiomycetes;o__Malasseziales	0.0	0.0	0.0	0.0	0.0	0.0	0.00124009975198	0.0	0.0	0.0	0.0	0.0	0.0	0.0	0.0	0.0	0.0	0.0	0.0	0.0	0.0	0.0	0.0	0.0	0.0	0.0	0.0	0.0	0.0	0.0	0.0	0.0	0.0	0.0	0.0	0.0	0.0	0.0	0.0	0.0	0.0	0.0
k__Viruses;p__Viruses_noname;c__Viruses_noname;o__Caudovirales	0.0	0.0	0.0717193856561	0.191881538376	0.0	0.00252209924337	0.145259470948	0.0	0.00735809852838	0.00173730052119	0.0	0.0	0.00451210045121	0.0261822921453	0.0	0.0	0.0	0.0	0.2132944	0.0	0.0	0.0122296	0.00793839841232	0.0	0.0	0.0	0.0142178971564	0.0241453048291	0.00338490135396	0.00128529987147	0.0	0.0	0.0	0.0	0.0048697	0.00367829963217	0.0	0.0027349997265	0.0	0.00661449933855	0.0	0.182841018284
k__Viruses;p__Viruses_noname;c__Viruses_noname;o__Viruses_noname	0.0	0.0214774935568	0.0	0.0	0.0	0.0	0.0	0.0	0.0	0.0496450148935	0.0	0.0	0.0136851013685	0.0	0.0	0.0	0.0	0.0	0.0	0.0	0.0	0.0	0.0240769951846	0.0	0.0	0.0	0.00465579906884	0.0	0.0	0.0	0.0	0.0	0.0	0.0	0.0419258	0.0	0.0	0.0	0.0	0.0	0.0	0.0
