Taxon	AAGAGGCA.AGAGGATA_S83	AAGAGGCA.ATAGAGAG_S82	AAGAGGCA.CTCCTTAC_S85	AGGCAGAA.AGAGGATA_S19	AGGCAGAA.ATAGAGAG_S18	AGGCAGAA.CTCCTTAC_S21	AGGCAGAA.TACTCCTT_S23	AGGCAGAA.TATGCAGT_S22	CGAGGCTG.ATAGAGAG_S74	CGAGGCTG.CTCCTTAC_S77	CGTACTAG.AGAGGATA_S11	CGTACTAG.ATAGAGAG_S10	CGTACTAG.CTCCTTAC_S13	CGTACTAG.TACTCCTT_S15	CGTACTAG.TATGCAGT_S14	CTCTCTAC.AGAGGATA_S51	CTCTCTAC.ATAGAGAG_S50	CTCTCTAC.CTCCTTAC_S53	CTCTCTAC.TATGCAGT_S54	GGACTCCT.AGAGGATA_S35	GGACTCCT.CTCCTTAC_S37	GGACTCCT.TACTCCTT_S39	GGACTCCT.TATGCAGT_S38	GTAGAGGA.AGAGGATA_S91	GTAGAGGA.ATAGAGAG_S90	GTAGAGGA.CTCCTTAC_S93	GTAGAGGA.TATGCAGT_S94	TAAGGCGA.AGAGGATA_S3	TAAGGCGA.ATAGAGAG_S2	TAAGGCGA.CTCCTTAC_S5	TAAGGCGA.TACTCCTT_S7	TAAGGCGA.TATGCAGT_S6	TAGGCATG.AGAGGATA_S43	TAGGCATG.ATAGAGAG_S42	TAGGCATG.TATGCAGT_S46	TCCTGAGC.AGAGGATA_S27	TCCTGAGC.ATAGAGAG_S26	TCCTGAGC.CTCCTTAC_S29	TCCTGAGC.TACTCCTT_S31	TCCTGAGC.TATGCAGT_S30
k__Bacteria;p__Acidobacteria	0.0	0.0217264956547	0.0	0.00559950279975	0.0	0.0073403	0.00425260042526	0.0	0.0567470056747	0.0	0.0666077933392	0.0124062012406	0.0	0.0	0.0119749964075	0.0	0.0	0.0	0.00804579919542	0.0	0.110911088909	0.0	0.0146783985322	0.0	0.0	0.0701767070177	0.0	0.0	0.0	0.0	0.0124443987556	0.0	0.0155715015572	0.0	0.0457547	0.0	0.0	0.0	0.0	0.0142835942866
k__Bacteria;p__Actinobacteria	0.308367430837	0.180509563898	0.5957569	0.310417455209	0.6756123	0.3116075	0.620619562062	0.301259469874	0.103492110349	0.75430082457	0.34829516517	0.167530416753	0.396726960327	0.314021968598	0.479151856254	0.46919655308	0.18049978195	0.121791912179	0.15790138421	0.385109238511	0.405514859449	1.0	0.586031041397	0.2890724	0.545757754576	0.393840939384	0.409127881826	0.1638414	0.0260688947862	0.116209588379	0.333288966671	0.700317870032	0.489970648997	0.321088832109	0.2262973	0.087814917563	0.0078265	0.1898442	0.4530884	0.409757036097
k__Bacteria;p__Bacteroidetes	0.205805020581	0.116680776664	0.070702	0.0349315174658	0.0	0.2468002	0.0192071019207	0.0	0.249810124981	0.0	0.10019858998	0.241913924191	0.253994474601	0.00658049934195	0.145278956416	0.159248984075	0.0	0.0	0.110061788994	0.0637976063798	0.0721062927894	0.0	0.0555541944446	0.0	0.00403760040376	0.236720123672	0.21804894361	0.008449	0.0	0.017870398213	0.098719790128	0.011209501121	0.0608235060824	0.198161819816	0.3241086	0.184165936833	0.3539302	0.3691741	0.0	0.263461894615
k__Bacteria;p__Cyanobacteria	0.0	0.019544796091	0.0	0.0050372025186	0.0741313	0.0132064	0.0	0.0	0.0	0.0	0.0	0.0	0.0	0.0	0.0	0.0	0.0	0.0	0.0	0.0488207048821	0.02250019775	0.0	0.0	0.0	0.00768670076867	0.0	0.0	0.0224339	0.0	0.00972229902777	0.0130432986957	0.0	0.0	0.0	0.0	0.0	0.0	0.0	0.0	0.0
k__Bacteria;p__Deinococcus_Thermus	0.0	0.0236273952745	0.0	0.0304471152236	0.0	0.015965	0.0138740013874	0.130027386997	0.00776880077688	0.0	0.0241451975855	0.0134917013492	0.0453338954666	0.00421109957889	0.0	0.0975390902461	0.0	0.0	0.0304618969538	0.0196729019673	0.111092288891	0.0	0.0319254968075	0.0361157	0.00929230092923	0.043869804387	0.0468178093636	0.0406801	0.0	0.00587659941234	0.0157678984232	0.0276616027662	0.0260276026028	0.0186990018699	0.0	0.0	0.0	0.0086278	0.0371999	0.0261041895583
k__Bacteria;p__Firmicutes	0.105170010517	0.234026053195	0.0	0.0706272353136	0.2502564	0.0165465	0.143986314399	0.0	0.0577559057756	0.19489738051	0.054780394522	0.0	0.00994079900592	0.0	0.187073543878	0.0326437967356	0.0	0.0	0.0	0.0	0.0507544949246	0.0	0.0387228961277	0.0	0.37660403766	0.032649903265	0.0	0.165694	0.0328112934377	0.114647688535	0.00759959924004	0.124155512416	0.204607620461	0.313451931345	0.0548027	0.70630204126	0.1451062	0.0140842	0.0498854	0.0113182954727
k__Bacteria;p__Proteobacteria	0.380657538066	0.403884919223	0.0287491	0.332344066172	0.0	0.3835897	0.0682066068207	0.568713143129	0.524426052443	0.0508017949198	0.405972859403	0.564657756466	0.290493870951	0.633589636641	0.176520647044	0.187163881284	0.81950021805	0.878208087821	0.481812551819	0.464321246432	0.175211082479	0.0	0.273087972691	0.6748119	0.0289374028937	0.188979218898	0.318755563751	0.5968018	0.941119811776	0.735673426433	0.519136048086	0.136655513666	0.17539891754	0.142807214281	0.3490367	0.0217171043434	0.4931371	0.4075814	0.4598263	0.270264291894
k__Bacteria;p__Tenericutes	0.0	0.0	0.0	0.0	0.0	0.0	0.0	0.0	0.0	0.0	0.0	0.0	0.0	0.0	0.0	0.0	0.0	0.0	0.0	0.0	0.0	0.0	0.0	0.0	0.0	0.0	0.0	0.0	0.0	0.0	0.0	0.0	0.0	0.0	0.0	0.0	0.0	0.0	0.0	0.0
k__Eukaryota;p__Ascomycota	0.0	0.0	0.0	0.0	0.0	0.0	0.0	0.0	0.0	0.0	0.0	0.0	0.0	0.0	0.0	0.0	0.0	0.0	0.0	0.0	0.0	0.0	0.0	0.0	0.0	0.0	0.0	0.0	0.0	0.0	0.0	0.0	0.0	0.0	0.0	0.0	0.0	0.0	0.0	0.0
k__Viruses;p__Viruses_noname	0.0	0.0	0.304792	0.210595905298	0.0	0.0049444	0.129853812985	0.0	0.0	0.0	0.0	0.0	0.003509999649	0.0415967958403	0.0	0.0542076945792	0.0	0.0	0.211716578828	0.0182783018278	0.051909694809	0.0	0.0	0.0	0.0276842027684	0.0337633033763	0.00724980144996	0.0020998	0.0	0.0	0.0	0.0	0.02760020276	0.00579120057912	0.0	0.0	0.0	0.0106883	0.0	0.00481069807572
