Taxon	AAGAGGCA.AGAGGATA_S83	AAGAGGCA.ATAGAGAG_S82	AAGAGGCA.CTCCTTAC_S85	AGGCAGAA.AGAGGATA_S19	AGGCAGAA.ATAGAGAG_S18	AGGCAGAA.CTCCTTAC_S21	AGGCAGAA.TACTCCTT_S23	AGGCAGAA.TATGCAGT_S22	CGAGGCTG.ATAGAGAG_S74	CGAGGCTG.CTCCTTAC_S77	CGTACTAG.AGAGGATA_S11	CGTACTAG.ATAGAGAG_S10	CGTACTAG.CTCCTTAC_S13	CGTACTAG.TACTCCTT_S15	CGTACTAG.TATGCAGT_S14	CTCTCTAC.AGAGGATA_S51	CTCTCTAC.ATAGAGAG_S50	CTCTCTAC.CTCCTTAC_S53	CTCTCTAC.TATGCAGT_S54	GGACTCCT.AGAGGATA_S35	GGACTCCT.CTCCTTAC_S37	GGACTCCT.TACTCCTT_S39	GGACTCCT.TATGCAGT_S38	GTAGAGGA.AGAGGATA_S91	GTAGAGGA.ATAGAGAG_S90	GTAGAGGA.CTCCTTAC_S93	GTAGAGGA.TATGCAGT_S94	TAAGGCGA.AGAGGATA_S3	TAAGGCGA.ATAGAGAG_S2	TAAGGCGA.CTCCTTAC_S5	TAAGGCGA.TACTCCTT_S7	TAAGGCGA.TATGCAGT_S6	TAGGCATG.AGAGGATA_S43	TAGGCATG.ATAGAGAG_S42	TAGGCATG.TATGCAGT_S46	TCCTGAGC.AGAGGATA_S27	TCCTGAGC.ATAGAGAG_S26	TCCTGAGC.CTCCTTAC_S29	TCCTGAGC.TACTCCTT_S31	TCCTGAGC.TATGCAGT_S30	Undetermined_S0
k__Bacteria;p__Acidobacteria;c__Acidobacteriia;o__Acidobacteriales;f__Acidobacteriaceae;Other	0.0	0.0	0.0	0.0	0.0	0.0	0.0	0.0	0.0567470056747	0.0	0.0	0.0	0.0	0.0	0.0	0.0	0.0	0.0	0.00804579919542	0.0	0.0726948927305	0.0	0.0	0.0	0.0	0.0600916060092	0.0	0.0	0.0	0.0	0.00519479948052	0.0	0.0	0.0	0.0	0.0	0.0	0.0	0.0	0.0	0.00255080025508
k__Bacteria;p__Acidobacteria;c__Acidobacteriia;o__Acidobacteriales;f__Acidobacteriaceae;g__Granulicella	0.0	0.0217264956547	0.0	0.00559950279975	0.0	0.0073403	0.00425260042526	0.0	0.0	0.0	0.0666077933392	0.0124062012406	0.0	0.0	0.0119749964075	0.0	0.0	0.0	0.0	0.0	0.0382161961784	0.0	0.0146783985322	0.0	0.0	0.0100851010085	0.0	0.0	0.0	0.0	0.00724959927504	0.0	0.00613960061396	0.0	0.0457547	0.0	0.0	0.0	0.0	0.0142835942866	0.00146310014631
k__Bacteria;p__Acidobacteria;c__Acidobacteriia;o__Acidobacteriales;f__Acidobacteriaceae;g__Terriglobus	0.0	0.0	0.0	0.0	0.0	0.0	0.0	0.0	0.0	0.0	0.0	0.0	0.0	0.0	0.0	0.0	0.0	0.0	0.0	0.0	0.0	0.0	0.0	0.0	0.0	0.0	0.0	0.0	0.0	0.0	0.0	0.0	0.00943190094319	0.0	0.0	0.0	0.0	0.0	0.0	0.0	0.0
k__Bacteria;p__Actinobacteria;c__Actinobacteria;o__Actinomycetales;f__Actinomycetaceae;g__Varibaculum	0.0	0.0	0.0	0.0	0.0	0.0	0.0	0.0	0.0	0.0	0.0	0.0	0.0	0.0	0.0	0.0	0.0	0.0	0.0	0.0	0.0	0.0	0.0	0.0	0.0	0.0	0.0	0.0	0.0	0.0	0.0	0.0	0.0	0.0	0.0	0.0	0.0	0.0	0.0	0.0	0.00694720069472
k__Bacteria;p__Actinobacteria;c__Actinobacteria;o__Actinomycetales;f__Brevibacteriaceae;g__Brevibacterium	0.0	0.0	0.0	0.0	0.0	0.0	0.0218284021828	0.0	0.0	0.0	0.0	0.0	0.0	0.00827839917216	0.0	0.0	0.0	0.0	0.0	0.0	0.0	0.0	0.0	0.0	0.021929902193	0.0	0.0	0.0	0.0	0.0	0.0	0.0326406032641	0.0157573015757	0.0	0.0	0.0	0.0	0.0	0.0	0.0	0.00375490037549
k__Bacteria;p__Actinobacteria;c__Actinobacteria;o__Actinomycetales;f__Cellulomonadaceae;g__Cellulomonas	0.0	0.0	0.0	0.00181430090715	0.0	0.0025077	0.0	0.0	0.0	0.0	0.0	0.0	0.0	0.00280869971913	0.0	0.0	0.0	0.0	0.0	0.0	0.0	0.0	0.0	0.0	0.0	0.0	0.0	0.0	0.0	0.0	0.0	0.0	0.00331010033101	0.0	0.0	0.0	0.0	0.0	0.0	0.0	0.00150470015047
k__Bacteria;p__Actinobacteria;c__Actinobacteria;o__Actinomycetales;f__Corynebacteriaceae;g__Corynebacterium	0.0	0.0	0.0	0.0183966091983	0.2279027	0.0	0.0206909020691	0.0	0.0	0.00199289980071	0.0	0.0	0.0	0.0	0.0200701939789	0.0	0.0	0.0	0.0	0.0	0.0	0.0	0.00503489949651	0.241923	0.0360382036038	0.00289070028907	0.00368520073704	0.0030726	0.0	0.00267249973275	0.0032519996748	0.0207069020707	0.0569180056918	0.0101769010177	0.0	0.0275247055049	0.0	0.0	0.0	0.0	0.0150089015009
k__Bacteria;p__Actinobacteria;c__Actinobacteria;o__Actinomycetales;f__Dermabacteraceae;Other	0.0	0.0	0.0	0.0	0.0	0.0	0.0	0.0	0.0	0.0	0.0	0.0	0.0	0.0	0.0	0.0	0.0	0.0	0.0136406986359	0.0	0.0	0.0	0.0	0.0	0.0	0.0253354025335	0.0	0.0	0.0	0.0	0.0	0.0126164012616	0.0295177029518	0.0	0.0	0.0	0.0	0.0	0.0	0.0	0.0073990007399
k__Bacteria;p__Actinobacteria;c__Actinobacteria;o__Actinomycetales;f__Dermabacteraceae;g__Brachybacterium	0.0	0.0	0.0	0.0	0.0	0.0	0.00809320080932	0.0	0.0	0.0	0.0	0.0	0.0	0.0	0.0	0.0	0.0	0.0	0.0	0.0	0.0	0.0	0.0	0.0	0.0	0.0	0.0	0.0	0.0	0.0	0.0	0.0141976014198	0.00945430094543	0.0	0.0	0.0	0.0	0.0	0.0	0.00172429931028	0.00395160039516
k__Bacteria;p__Actinobacteria;c__Actinobacteria;o__Actinomycetales;f__Dermacoccaceae;g__Kytococcus	0.0	0.0	0.0	0.0	0.0	0.0	0.0	0.0	0.0	0.0	0.0	0.0	0.0	0.0	0.0	0.0	0.0	0.0	0.0	0.0	0.0	0.0	0.0	0.0	0.0	0.0	0.0	0.0	0.0	0.0	0.0	0.0	0.00318180031818	0.0	0.0	0.0	0.0	0.0	0.0	0.0	0.0
k__Bacteria;p__Actinobacteria;c__Actinobacteria;o__Actinomycetales;f__Dermatophilaceae;Other	0.0	0.0	0.0	0.0	0.0	0.0	0.0100056010006	0.0	0.0504240050424	0.0	0.0522387947761	0.0	0.024520297548	0.0	0.0	0.0	0.0	0.0	0.0	0.0	0.0	0.0	0.0	0.0	0.0	0.0	0.0	0.0	0.0	0.0	0.0	0.0	0.0144455014446	0.0	0.0	0.0	0.0	0.0	0.0	0.0	0.00860580086058
k__Bacteria;p__Actinobacteria;c__Actinobacteria;o__Actinomycetales;f__Dietziaceae;g__Dietzia	0.0	0.0	0.0	0.0	0.0	0.0	0.0147079014708	0.0	0.0	0.0	0.0	0.0	0.0	0.0	0.0	0.0	0.0	0.0	0.0	0.0	0.0	0.0	0.0	0.0	0.0	0.0	0.0	0.0	0.00414739917052	0.0	0.0	0.0	0.00992140099214	0.0	0.0	0.0	0.0	0.0	0.0	0.0	0.00170960017096
k__Bacteria;p__Actinobacteria;c__Actinobacteria;o__Actinomycetales;f__Geodermatophilaceae;Other	0.0	0.0	0.0167272	0.0103389051695	0.0	0.0340872	0.0093540009354	0.0	0.00471050047105	0.0	0.0385878961412	0.00344880034488	0.030070496993	0.0850429914957	0.00570349828895	0.0308629969137	0.0	0.0	0.0134654986535	0.00675520067552	0.0659781934022	0.0	0.0364656963534	0.0	0.0	0.0579942057994	0.0319617063923	0.0	0.0	0.0	0.0207453979255	0.00899510089951	0.0155425015543	0.0	0.0134777	0.0	0.0078265	0.0054743	0.006571	0.0123261950695	0.00539330053933
k__Bacteria;p__Actinobacteria;c__Actinobacteria;o__Actinomycetales;f__Gordoniaceae;g__Gordonia	0.0	0.0	0.0	0.0	0.0	0.0	0.0	0.0	0.0	0.0	0.0	0.0	0.0	0.0281380971862	0.0	0.0	0.0	0.0	0.0	0.0	0.0	0.0	0.0	0.0	0.0	0.0	0.0	0.0	0.0	0.0	0.0	0.0	0.0	0.0	0.0	0.0	0.0	0.0	0.0	0.0	0.0
k__Bacteria;p__Actinobacteria;c__Actinobacteria;o__Actinomycetales;f__Intrasporangiaceae;g__Janibacter	0.0	0.0	0.0	0.0	0.0	0.0	0.0021710002171	0.0	0.0	0.0	0.0	0.0	0.0	0.0	0.0	0.0	0.0	0.0	0.0	0.0	0.0	0.0	0.0	0.0	0.0	0.0	0.0	0.0	0.0	0.0	0.0	0.0	0.00254230025423	0.0	0.0	0.0	0.0	0.0	0.0	0.0	0.0
k__Bacteria;p__Actinobacteria;c__Actinobacteria;o__Actinomycetales;f__Intrasporangiaceae;g__Serinicoccus	0.0	0.0	0.0	0.0	0.0	0.0	0.0	0.0	0.0	0.0	0.0	0.0	0.0	0.0	0.0	0.0	0.0	0.0	0.0	0.0	0.0	0.0	0.0	0.0	0.0	0.0	0.0	0.0	0.0	0.0	0.0	0.0	0.0	0.0	0.0	0.0	0.0	0.0	0.0	0.0	0.00048250004825
k__Bacteria;p__Actinobacteria;c__Actinobacteria;o__Actinomycetales;f__Microbacteriaceae;g__Agromyces	0.0	0.0	0.0	0.00258470129235	0.0	0.0	0.00283980028398	0.0	0.00613910061391	0.0	0.0	0.0	0.0	0.0	0.0	0.0100059989994	0.0	0.0	0.0	0.0	0.00838029916197	0.0	0.0	0.0	0.0	0.0	0.0	0.0	0.00152519969496	0.0	0.0	0.00567530056753	0.0	0.0146334014633	0.0	0.0	0.0	0.0	0.0	0.0	0.00212890021289
k__Bacteria;p__Actinobacteria;c__Actinobacteria;o__Actinomycetales;f__Microbacteriaceae;g__Clavibacter	0.0	0.0	0.2918767	0.0	0.0	0.137586	0.0908361090836	0.00496169950383	0.00411150041115	0.0212412978759	0.0496083950392	0.079750107975	0.18150428185	0.0	0.120854163744	0.0592443940756	0.0	0.0	0.0889146911085	0.0	0.0	0.0	0.250038074996	0.0	0.0	0.125558512556	0.168971433794	0.0	0.00027089994582	0.0	0.153551084645	0.0277865027787	0.0382679038268	0.0	0.1240764	0.0	0.0	0.1111647	0.0	0.230863407655	0.0203748020375
k__Bacteria;p__Actinobacteria;c__Actinobacteria;o__Actinomycetales;f__Microbacteriaceae;g__Curtobacterium	0.00181610018161	0.0	0.0089939	0.0050478025239	0.0	0.0094099	0.00404210040421	0.0	0.00046050004605	0.0	0.00690929930907	0.0230105023011	0.0357244964276	0.0	0.00414929875521	0.00699159930084	0.0234749976525	0.0	0.00632739936726	0.0	0.0	0.0	0.0168384983162	0.0	0.0	0.00529320052932	0.00815540163108	0.0	0.00020619995876	0.0	0.0115064988494	0.006270000627	0.00739310073931	0.0	0.0	0.0	0.0	0.0072507	0.0	0.0121870951252	0.00534440053444
k__Bacteria;p__Actinobacteria;c__Actinobacteria;o__Actinomycetales;f__Microbacteriaceae;g__Leifsonia	0.0	0.0234022953195	0.0462544	0.0	0.0	0.0533307	0.00770070077007	0.0643942935606	0.00769480076948	0.0	0.0	0.0450687045069	0.018929598107	0.0	0.065253180424	0.0483048951695	0.0	0.0	0.00982249901775	0.0389709038971	0.0617458938254	0.0	0.0799845920015	0.0	0.0	0.0366365036637	0.0586477117295	0.0067491	0.0	0.0	0.0263360973664	0.0	0.0	0.0	0.0	0.0	0.0	0.0	0.0368454	0.0389165844334	0.00264930026493
k__Bacteria;p__Actinobacteria;c__Actinobacteria;o__Actinomycetales;f__Microbacteriaceae;g__Leucobacter	0.0	0.0	0.0	0.0	0.0	0.0	0.0	0.0	0.00975420097542	0.0	0.0103573989643	0.0	0.0	0.0	0.0	0.0	0.0	0.0	0.0	0.0	0.0	0.0	0.0	0.0	0.0	0.0	0.0	0.0	0.0	0.0	0.0	0.0	0.0	0.0	0.0	0.0	0.0	0.0	0.0	0.00414239834304	0.00051690005169
k__Bacteria;p__Actinobacteria;c__Actinobacteria;o__Actinomycetales;f__Micrococcaceae;g__Acaricomes	0.0	0.065869986826	0.0	0.0	0.0	0.0	0.0	0.0	0.0	0.0	0.0	0.0	0.0	0.0	0.0	0.0	0.0	0.0	0.0	0.00255080025508	0.0	0.0	0.0	0.0	0.0	0.00143970014397	0.0452322090464	0.0	0.00264419947116	0.0	0.0	0.0	0.0	0.0	0.0	0.0	0.0	0.0	0.0	0.0	0.0
k__Bacteria;p__Actinobacteria;c__Actinobacteria;o__Actinomycetales;f__Micrococcaceae;g__Arthrobacter	0.0	0.0	0.0	0.0	0.0	0.0	0.0	0.0	0.0	0.0	0.0	0.0	0.0	0.0	0.0	0.0	0.0	0.0	0.0	0.0	0.0	0.0	0.0	0.0	0.0	0.0	0.0	0.0	0.00474409905118	0.0	0.0	0.0	0.0	0.0	0.0	0.0	0.0	0.0	0.0	0.0	0.0
k__Bacteria;p__Actinobacteria;c__Actinobacteria;o__Actinomycetales;f__Micrococcaceae;g__Kocuria	0.0	0.0	0.0	0.00273470136735	0.0	0.0039318	0.0341069034107	0.0	0.0	0.0460974953903	0.0	0.0	0.00542569945743	0.114959188504	0.0	0.0	0.0	0.0	0.0	0.0	0.0	0.0	0.00099909990009	0.0	0.0	0.0	0.0127119025424	0.0032666	0.0	0.0	0.00774559922544	0.0351793035179	0.0399206039921	0.0	0.0	0.0	0.0	0.0044037	0.0	0.0	0.0326437032644
k__Bacteria;p__Actinobacteria;c__Actinobacteria;o__Actinomycetales;f__Micrococcaceae;g__Micrococcus	0.0	0.0	0.0	0.00859530429765	0.0	0.0056646	0.155987515599	0.0	0.0	0.205644079436	0.0	0.0	0.0	0.00359359964064	0.0	0.0	0.0	0.0234607023461	0.00260549973945	0.0	0.0	0.0	0.0167931983207	0.0	0.0	0.00472840047284	0.0159093031819	0.0	0.0	0.0	0.0236871976313	0.132142213214	0.0619772061977	0.0	0.0	0.0	0.0	0.0	0.0216173	0.00331159867536	0.0143994014399
k__Bacteria;p__Actinobacteria;c__Actinobacteria;o__Actinomycetales;f__Micrococcaceae;g__Rothia	0.0	0.0	0.0	0.0008342004171	0.0	0.0	0.0	0.0	0.0	0.0	0.0	0.0	0.0	0.0	0.0	0.0	0.0	0.0	0.0	0.0	0.0	0.0	0.0	0.0	0.0	0.0	0.0	0.0	0.0	0.0	0.0	0.0	0.00280730028073	0.0	0.0	0.0	0.0	0.0	0.0	0.0	0.0
k__Bacteria;p__Actinobacteria;c__Actinobacteria;o__Actinomycetales;f__Micromonosporaceae;g__Actinoplanes	0.0	0.0	0.083732	0.0162708081354	0.0	0.0219746	0.0	0.0	0.0	0.0	0.0	0.0	0.0	0.0	0.0	0.0	0.0	0.0	0.0	0.0965078096508	0.0	0.0	0.0	0.0	0.0	0.0322233032223	0.0	0.0	0.0	0.0	0.0	0.0	0.0	0.0	0.0	0.020310104062	0.0	0.0	0.0	0.0	0.0
k__Bacteria;p__Actinobacteria;c__Actinobacteria;o__Actinomycetales;f__Nocardiaceae;g__Rhodococcus	0.0	0.0	0.0	0.0	0.0	0.0	0.0	0.0	0.0	0.0	0.0	0.0	0.0	0.0433664956634	0.0	0.0	0.0	0.0	0.0	0.0	0.0	0.0	0.0	0.0	0.0	0.0	0.0	0.0	0.0	0.0148651985135	0.0	0.0	0.0	0.0	0.0	0.0	0.0	0.0	0.0	0.0	0.00013750001375
k__Bacteria;p__Actinobacteria;c__Actinobacteria;o__Actinomycetales;f__Nocardioidaceae;g__Nocardioides	0.0	0.0	0.0	0.0069952034976	0.0	0.0	0.0176466017647	0.0	0.0	0.0	0.0	0.00516620051662	0.0	0.0032569996743	0.0051819984454	0.00935539906446	0.0	0.0	0.0	0.0226429022643	0.0558456944154	0.0	0.0185189981481	0.0	0.0	0.0174218017422	0.0125804025161	0.0136112	0.0	0.0	0.0121715987828	0.0	0.00529440052944	0.0	0.0	0.0	0.0	0.0	0.0563255	0.0	0.00263630026363
k__Bacteria;p__Actinobacteria;c__Actinobacteria;o__Actinomycetales;f__Propionibacteriaceae;Other	0.0	0.00148809970238	0.0686692	0.0260056130028	0.0	0.0	0.065730406573	0.186040581396	0.0138556013856	0.20839577916	0.0	0.0	0.0	0.0167535983246	0.0	0.170955282904	0.0909355909064	0.0	0.0	0.0	0.0	0.926418	0.0493376950662	0.0	0.0	0.0	0.0	0.0	0.00460559907888	0.0363687963631	0.0314360968564	0.0	0.0507652050765	0.0	0.0694863	0.0118818023764	0.0	0.0079863	0.3317292	0.0	0.00121850012185
k__Bacteria;p__Actinobacteria;c__Actinobacteria;o__Actinomycetales;f__Propionibacteriaceae;g__Propionibacterium	0.306551330655	0.0827907834418	0.0795035	0.191203995602	0.4477096	0.0341498	0.132223413222	0.0458628954137	0.0	0.244519875548	0.190593380941	0.0110861011086	0.0967260903274	0.00577809942219	0.257939522618	0.133475986652	0.0660891933911	0.0983312098331	0.0231250976875	0.215980321598	0.203015379698	0.073582	0.093009690699	0.0471494	0.414246741425	0.0801471080147	0.0512726102545	0.1371419	0.00792529841494	0.0474780952522	0.0388688961131	0.396642639664	0.104039910404	0.263812626381	0.0192569	0.0250381050076	0.0	0.0535645	0.0	0.106285457486	0.0910054091005
k__Bacteria;p__Actinobacteria;c__Actinobacteria;o__Actinomycetales;f__Pseudonocardiaceae;g__Pseudonocardia	0.0	0.0	0.0	0.0128810064405	0.0	0.0	0.0	0.0	0.0	0.0	0.0	0.0	0.0	0.0	0.0	0.0	0.0	0.0	0.0	0.0	0.0	0.0	0.0	0.0	0.0	0.0	0.0	0.0	0.0	0.0	0.0	0.0	0.00275420027542	0.0	0.0	0.0	0.0	0.0	0.0	0.0	0.0
k__Bacteria;p__Actinobacteria;c__Actinobacteria;o__Actinomycetales;f__Tsukamurellaceae;g__Tsukamurella	0.0	0.0	0.0	0.0	0.0	0.0	0.0	0.0	0.0	0.0	0.0	0.0	0.0	0.0	0.0	0.0	0.0	0.0	0.0	0.0	0.0	0.0	0.0	0.0	0.0	0.0	0.0	0.0	0.0	0.0148249985175	0.0	0.0	0.0	0.0	0.0	0.0	0.0	0.0	0.0	0.0	0.00122110012211
k__Bacteria;p__Actinobacteria;c__Actinobacteria;o__Bifidobacteriales;f__Bifidobacteriaceae;g__Bifidobacterium	0.0	0.0	0.0	0.0	0.0	0.0	0.0	0.0	0.00634190063419	0.0	0.0	0.0	0.0	0.00050959994904	0.0	0.0	0.0	0.0	0.0	0.0	0.0	0.0	0.0	0.0	0.0	0.0	0.0	0.0	0.0	0.0	0.0	0.0	0.00203590020359	0.0	0.0	0.0	0.0	0.0	0.0	0.0	0.00145480014548
k__Bacteria;p__Actinobacteria;c__Actinobacteria;o__Bifidobacteriales;f__Bifidobacteriaceae;g__Gardnerella	0.0	0.00695839860832	0.0	0.002742001371	0.0	0.0062715	0.0216977021698	0.0	0.0	0.0264093973591	0.0	0.0	0.0038259996174	0.0	0.0	0.0	0.0	0.0	0.0	0.00170130017013	0.0	0.0	0.0190105980989	0.0	0.0720192072019	0.00417210041721	0.0	0.0	0.0	0.0	0.00398849960115	0.00746530074653	0.00676590067659	0.0324659032466	0.0	0.0	0.0	0.0	0.0	0.0	0.0011630001163
k__Bacteria;p__Actinobacteria;c__Actinobacteria;o__Coriobacteriales;f__Coriobacteriaceae;g__Atopobium	0.0	0.0	0.0	0.0	0.0	0.0	0.00095730009573	0.0	0.0	0.0	0.0	0.0	0.0	0.0	0.0	0.0	0.0	0.0	0.0	0.0	0.0	0.0	0.0	0.0	0.00152370015237	0.0	0.0	0.0	0.0	0.0	0.0	0.0	0.0	0.0	0.0	0.0	0.0	0.0	0.0	0.0	0.00026170002617
k__Bacteria;p__Actinobacteria;c__Actinobacteria;o__Coriobacteriales;f__Coriobacteriaceae;g__Collinsella	0.0	0.0	0.0	0.0	0.0	0.0	0.0	0.0	0.0	0.0	0.0	0.0	0.0	0.0	0.0	0.0	0.0	0.0	0.0	0.0	0.00377679962232	0.0	0.0	0.0	0.0	0.0	0.0	0.0	0.0	0.0	0.0	0.0	0.00060910006091	0.0	0.0	0.0	0.0	0.0	0.0	0.0	0.0
k__Bacteria;p__Actinobacteria;c__Actinobacteria;o__Coriobacteriales;f__Coriobacteriaceae;g__Enterorhabdus	0.0	0.0	0.0	0.0	0.0	0.0	0.0	0.0	0.0	0.0	0.0	0.0	0.0	0.0	0.0	0.0	0.0	0.0	0.0	0.0	0.0	0.0	0.0	0.0	0.0	0.0	0.0	0.0	0.0	0.0	0.0	0.0	0.0	0.0	0.0	0.00306020061204	0.0	0.0	0.0	0.0	0.0
k__Bacteria;p__Actinobacteria;c__Actinobacteria;o__Solirubrobacterales;Other;Other	0.0	0.0	0.0	0.00397230198615	0.0	0.0026937	0.0	0.0	0.0	0.0	0.0	0.0	0.0	0.00153619984638	0.0	0.0	0.0	0.0	0.0	0.0	0.00677259932274	0.0	0.0	0.0	0.0	0.0	0.0	0.0	0.0	0.0	0.0	0.0	0.0067490006749	0.0	0.0	0.0	0.0	0.0	0.0	0.0	0.00183510018351
k__Bacteria;p__Bacteroidetes;c__Bacteroidia;o__Bacteroidales;f__Bacteroidaceae;g__Bacteroides	0.0	0.0	0.0	0.0	0.0	0.0	0.0	0.0	0.0286856028686	0.0	0.0	0.0	0.0	0.0	0.0	0.0	0.0	0.0	0.0	0.0	0.0	0.0	0.0	0.0	0.0	0.0	0.0	0.0	0.0	0.0	0.0	0.0	0.0	0.0	0.0	0.0274374054875	0.0	0.0	0.0	0.0	0.0
k__Bacteria;p__Bacteroidetes;c__Bacteroidia;o__Bacteroidales;f__Porphyromonadaceae;g__Odoribacter	0.0	0.0	0.0	0.0	0.0	0.0	0.0	0.0	0.0	0.0	0.0	0.0	0.0	0.0	0.0	0.0	0.0	0.0	0.0	0.0	0.0	0.0	0.0	0.0	0.0	0.0	0.0	0.0	0.0	0.0	0.0	0.0	0.0	0.0	0.0	0.00362390072478	0.0	0.0	0.0	0.0	0.0
k__Bacteria;p__Bacteroidetes;c__Bacteroidia;o__Bacteroidales;f__Porphyromonadaceae;g__Parabacteroides	0.0	0.0	0.0	0.0	0.0	0.0	0.0	0.0	0.0	0.0	0.0	0.0	0.0	0.0	0.0	0.0	0.0	0.0	0.0	0.0	0.0	0.0	0.0	0.0	0.0	0.0	0.0	0.0	0.0	0.0	0.0	0.0	0.0	0.0	0.0	0.135963527193	0.0	0.0	0.0	0.0	0.00021530002153
k__Bacteria;p__Bacteroidetes;c__Bacteroidia;o__Bacteroidales;f__Porphyromonadaceae;g__Porphyromonas	0.0	0.0	0.0	0.0045638022819	0.0	0.0	0.0	0.0	0.0	0.0	0.0	0.0	0.0	0.0	0.0	0.0	0.0	0.0	0.0	0.0	0.0	0.0	0.0	0.0	0.0	0.0	0.0	0.0	0.0	0.0	0.0	0.0	0.0	0.0	0.0	0.0	0.0	0.0	0.0	0.0	0.00398930039893
k__Bacteria;p__Bacteroidetes;c__Bacteroidia;o__Bacteroidales;f__Prevotellaceae;g__Prevotella	0.0	0.0	0.0	0.0	0.0	0.0	0.0	0.0	0.0	0.0	0.0	0.0	0.0	0.0	0.0	0.0	0.0	0.0	0.0	0.0	0.0	0.0	0.0	0.0	0.0	0.0	0.0	0.0	0.0	0.0	0.0	0.0	0.00165350016535	0.0	0.0	0.0	0.0	0.0	0.0	0.0	0.00865130086513
k__Bacteria;p__Bacteroidetes;c__Bacteroidia;o__Bacteroidales;f__Rikenellaceae;g__Alistipes	0.0	0.0	0.0	0.0	0.0	0.0	0.0	0.0	0.0	0.0	0.0	0.0	0.0	0.0	0.0	0.0	0.0	0.0	0.0	0.0	0.0	0.0	0.0	0.0	0.0	0.0	0.0	0.0	0.0	0.0	0.0	0.0	0.0	0.0	0.0	0.0167185033437	0.0	0.0	0.0	0.0	0.0
k__Bacteria;p__Bacteroidetes;c__Cytophagia;o__Cytophagales;f__Cytophagaceae;g__Hymenobacter	0.0	0.00583839883232	0.0195561	0.0191213095607	0.0	0.0308676	0.0113322011332	0.0	0.0198088019809	0.0	0.0637470936253	0.0514068051407	0.0474222952578	0.0	0.0230928930721	0.0439449956055	0.0	0.0	0.0154329984567	0.0322660032266	0.0721062927894	0.0	0.0260730973927	0.0	0.00403760040376	0.0482008048201	0.0423747084749	0.008449	0.0	0.00088819991118	0.0223249977675	0.011209501121	0.0182891018289	0.0227180022718	0.0051024	0.00042260008452	0.0	0.0462786	0.0	0.0331593867362	0.00753570075357
k__Bacteria;p__Bacteroidetes;c__Flavobacteriia;o__Flavobacteriales;f__Blattabacteriaceae;g__Blattabacterium	0.0	0.0	0.0	0.0	0.0	0.0	0.0	0.0	0.117772611777	0.0	0.0	0.0	0.0	0.0	0.0	0.0	0.0	0.0	0.0	0.0	0.0	0.0	0.0	0.0	0.0	0.0	0.0	0.0	0.0	0.0	0.0	0.0	0.0	0.0	0.0	0.0	0.0	0.0	0.0	0.0	0.0
k__Bacteria;p__Bacteroidetes;c__Flavobacteriia;o__Flavobacteriales;f__Flavobacteriaceae;g__Cellulophaga	0.0	0.0	0.0	0.0	0.0	0.0	0.0	0.0	0.0	0.0	0.0364514963549	0.0	0.0	0.0	0.0	0.0	0.0	0.0	0.0	0.0	0.0	0.0	0.0	0.0	0.0	0.0	0.0	0.0	0.0	0.0	0.0	0.0	0.0	0.0	0.0	0.0	0.0	0.0	0.0	0.0	0.0
k__Bacteria;p__Bacteroidetes;c__Flavobacteriia;o__Flavobacteriales;f__Flavobacteriaceae;g__Chryseobacterium	0.0	0.0	0.0	0.0	0.0	0.0	0.0	0.0	0.0	0.0	0.0	0.0	0.0	0.0	0.0	0.0	0.0	0.0	0.0	0.0	0.0	0.0	0.0	0.0	0.0	0.0	0.0	0.0	0.0	0.0	0.0	0.0	0.0	0.0	0.0	0.0	0.0	0.0	0.0	0.0	0.00048920004892
k__Bacteria;p__Bacteroidetes;c__Flavobacteriia;o__Flavobacteriales;f__Flavobacteriaceae;g__Elizabethkingia	0.0	0.0	0.0	0.0	0.0	0.0	0.0	0.0	0.0	0.0	0.0	0.0	0.0	0.0	0.0	0.0	0.0	0.0	0.0	0.0	0.0	0.0	0.0	0.0	0.0	0.0	0.0	0.0	0.0	0.00447869955213	0.0	0.0	0.0	0.0	0.0	0.0	0.0	0.0	0.0	0.0	0.0
k__Bacteria;p__Bacteroidetes;c__Flavobacteriia;o__Flavobacteriales;f__Flavobacteriaceae;g__Riemerella	0.0	0.0	0.0	0.0	0.0	0.0	0.0	0.0	0.0	0.0	0.0	0.0	0.0	0.0	0.0	0.0	0.0	0.0	0.0	0.0	0.0	0.0	0.0	0.0	0.0	0.0	0.0	0.0	0.0	0.0	0.0	0.0	0.00436390043639	0.0	0.0	0.0	0.0	0.0	0.0	0.0	0.0
k__Bacteria;p__Bacteroidetes;c__Flavobacteriia;o__Flavobacteriales;f__Flavobacteriales_noname;g__Flavobacteriales_noname	0.0	0.0	0.0	0.0	0.0	0.0	0.0	0.0	0.0	0.0	0.0	0.0	0.0	0.0	0.0	0.0	0.0	0.0	0.0	0.0	0.0	0.0	0.0	0.0	0.0	0.0	0.0	0.0	0.0	0.0	0.0	0.0	0.0	0.0	0.0	0.0	0.0	0.0004267	0.0	0.0	0.0
k__Bacteria;p__Bacteroidetes;c__Sphingobacteriia;o__Sphingobacteriales;f__Sphingobacteriaceae;g__Pedobacter	0.205805020581	0.110842377832	0.0511459	0.0112464056232	0.0	0.212997	0.00787490078749	0.0	0.0835431083543	0.0	0.0	0.190507119051	0.206572179343	0.00658049934195	0.122186063344	0.11530398847	0.0	0.0	0.0946287905371	0.0315316031532	0.0	0.0	0.0294810970519	0.0	0.0	0.188519318852	0.175674235135	0.0	0.0	0.0125034987497	0.0763947923605	0.0	0.0365170036517	0.175443817544	0.3190062	0.0	0.3539302	0.3224688	0.0	0.230302507879	0.0321861032186
k__Bacteria;p__Bacteroidetes;c__Sphingobacteriia;o__Sphingobacteriales;f__Sphingobacteriaceae;g__Sphingobacterium	0.0	0.0	0.0	0.0	0.0	0.0029356	0.0	0.0	0.0	0.0	0.0	0.0	0.0	0.0	0.0	0.0	0.0	0.0	0.0	0.0	0.0	0.0	0.0	0.0	0.0	0.0	0.0	0.0	0.0	0.0	0.0	0.0	0.0	0.0	0.0	0.0	0.0	0.0	0.0	0.0	0.00180680018068
k__Bacteria;p__Cyanobacteria;c__Cyanobacteria_noname;o__Nostocales;f__Rivulariaceae;Other	0.0	0.0	0.0	0.0	0.0	0.0	0.0	0.0	0.0	0.0	0.0	0.0	0.0	0.0	0.0	0.0	0.0	0.0	0.0	0.0	0.00531089946891	0.0	0.0	0.0	0.0	0.0	0.0	0.0	0.0	0.0	0.0	0.0	0.0	0.0	0.0	0.0	0.0	0.0	0.0	0.0	0.0
k__Bacteria;p__Cyanobacteria;c__Cyanobacteria_noname;o__Oscillatoriales;f__Oscillatoriales_noname;g__Microcoleus	0.0	0.019544796091	0.0	0.0050372025186	0.0741313	0.0132064	0.0	0.0	0.0	0.0	0.0	0.0	0.0	0.0	0.0	0.0	0.0	0.0	0.0	0.0488207048821	0.0171892982811	0.0	0.0	0.0	0.00768670076867	0.0	0.0	0.0224339	0.0	0.00972229902777	0.0130432986957	0.0	0.0	0.0	0.0	0.0	0.0	0.0	0.0	0.0	0.0
k__Bacteria;p__Deinococcus_Thermus;c__Deinococci;o__Deinococcales;Other;Other	0.0	0.0	0.0	0.0	0.0	0.0	0.0	0.0	0.0	0.0	0.0	0.0	0.0	0.0	0.0	0.0	0.0	0.0	0.0	0.0	0.0279723972028	0.0	0.0	0.0	0.0	0.0	0.0	0.0	0.0	0.0	0.0	0.0	0.0126740012674	0.0	0.0	0.0	0.0	0.0	0.0	0.0261041895583	0.0
k__Bacteria;p__Deinococcus_Thermus;c__Deinococci;o__Deinococcales;f__Deinococcaceae;g__Deinococcus	0.0	0.0236273952745	0.0	0.0304471152236	0.0	0.015965	0.0138740013874	0.130027386997	0.00776880077688	0.0	0.0241451975855	0.0134917013492	0.0453338954666	0.00421109957889	0.0	0.0975390902461	0.0	0.0	0.0304618969538	0.0196729019673	0.083119891688	0.0	0.0319254968075	0.0361157	0.00929230092923	0.043869804387	0.0468178093636	0.0406801	0.0	0.00587659941234	0.0157678984232	0.0276616027662	0.0133536013354	0.0186990018699	0.0	0.0	0.0	0.0086278	0.0371999	0.0	0.00397770039777
k__Bacteria;p__Firmicutes;c__Bacilli;o__Bacillales;f__Bacillaceae;g__Bacillus	0.0	0.0	0.0	0.0	0.0	0.0165465	0.0	0.0	0.0	0.0	0.0	0.0	0.0	0.0	0.0	0.0	0.0	0.0	0.0	0.0	0.0	0.0	0.0	0.0	0.0	0.0	0.0	0.006204	0.00281709943658	0.0	0.00719709928029	0.0	0.0	0.0	0.0	0.0	0.0	0.0	0.0	0.0	0.0
k__Bacteria;p__Firmicutes;c__Bacilli;o__Bacillales;f__Planococcaceae;g__Solibacillus	0.0	0.0	0.0	0.0	0.0	0.0	0.0	0.0	0.0	0.0	0.0	0.0	0.0	0.0	0.0	0.0	0.0	0.0	0.0	0.0	0.0	0.0	0.0	0.0	0.0	0.0	0.0	0.0	0.0030969993806	0.0	0.0	0.0	0.0	0.0	0.0	0.0	0.0	0.0	0.0	0.0	0.0
k__Bacteria;p__Firmicutes;c__Bacilli;o__Bacillales;f__Staphylococcaceae;g__Staphylococcus	0.0880271088027	0.0	0.0	0.0640188320094	0.2502564	0.0	0.104884610488	0.0	0.0	0.0806849919315	0.0347016965298	0.0	0.00251329974867	0.0	0.155346253396	0.0	0.0	0.0	0.0	0.0	0.0270317972968	0.0	0.024720497528	0.0	0.135279013528	0.0200424020042	0.0	0.0005084	0.0	0.0861660913834	0.0	0.113156811316	0.168415016842	0.138791913879	0.0	0.0232784046557	0.0	0.0	0.0498854	0.00361179855528	0.0750485075049
k__Bacteria;p__Firmicutes;c__Bacilli;o__Lactobacillales;f__Aerococcaceae;g__Aerococcus	0.0	0.0	0.0	0.0	0.0	0.0	0.0	0.0	0.0	0.0	0.0	0.0	0.0	0.0	0.0	0.0	0.0	0.0	0.0	0.0	0.0	0.0	0.0	0.0	0.0	0.0	0.0	0.0	0.0	0.0	0.0	0.0	0.00143240014324	0.0	0.0	0.0	0.0	0.0	0.0	0.0	0.00087680008768
k__Bacteria;p__Firmicutes;c__Bacilli;o__Lactobacillales;f__Carnobacteriaceae;g__Dolosigranulum	0.0	0.0	0.0	0.0	0.0	0.0	0.0	0.0	0.0	0.0	0.0	0.0	0.0	0.0	0.0	0.0326437967356	0.0	0.0	0.0	0.0	0.0	0.0	0.0	0.0	0.00102770010277	0.0	0.0	0.0	0.0	0.0	0.0	0.0	0.0	0.0	0.0	0.0418442083688	0.0	0.0	0.0	0.0	0.0001310000131
k__Bacteria;p__Firmicutes;c__Bacilli;o__Lactobacillales;f__Enterococcaceae;g__Enterococcus	0.0	0.0	0.0	0.0	0.0	0.0	0.0	0.0	0.0403214040321	0.0	0.0	0.0	0.0	0.0	0.0317272904818	0.0	0.0	0.0	0.0	0.0	0.0	0.0	0.0	0.0	0.0	0.0	0.0	0.0	0.0268971946206	0.0	0.0	0.0	0.0	0.0	0.0548027	0.0	0.0	0.0	0.0	0.0	0.00297560029756
k__Bacteria;p__Firmicutes;c__Bacilli;o__Lactobacillales;f__Lactobacillaceae;g__Lactobacillus	0.0171429017143	0.0	0.0	0.0003630001815	0.0	0.0	0.0314462031446	0.0	0.0	0.107161389284	0.0200786979921	0.0	0.0	0.0	0.0	0.0	0.0	0.0	0.0	0.0	0.0102812989719	0.0	0.0140023985998	0.0	0.150000715	0.00804740080474	0.0	0.0	0.0	0.0205612979439	0.0	0.00937920093792	0.0101764010176	0.135729513573	0.0	0.618225423645	0.0	0.0	0.0	0.00184179926328	0.00709160070916
k__Bacteria;p__Firmicutes;c__Bacilli;o__Lactobacillales;f__Lactobacillaceae;g__Pediococcus	0.0	0.0	0.0	0.0	0.0	0.0	0.0	0.0	0.0	0.0	0.0	0.0	0.0	0.0	0.0	0.0	0.0	0.0	0.0	0.0	0.0	0.0	0.0	0.0	0.0	0.0	0.0	0.0	0.0	0.0	0.0	0.0	0.0	0.0	0.0	0.0	0.1451062	0.0	0.0	0.0	0.0
k__Bacteria;p__Firmicutes;c__Bacilli;o__Lactobacillales;f__Streptococcaceae;g__Lactococcus	0.0	0.230611753878	0.0	0.0	0.0	0.0	0.0	0.0	0.00091030009103	0.0	0.0	0.0	0.0	0.0	0.0	0.0	0.0	0.0	0.0	0.0	0.0	0.0	0.0	0.0	0.013069501307	0.0	0.0	0.0	0.0	0.0	0.0	0.0	0.0	0.0	0.0	0.00113770022754	0.0	0.0140842	0.0	0.0	0.00027230002723
k__Bacteria;p__Firmicutes;c__Bacilli;o__Lactobacillales;f__Streptococcaceae;g__Streptococcus	0.0	0.0	0.0	0.0048554024277	0.0	0.0	0.0014090001409	0.0	0.0	0.0	0.0	0.0	0.0	0.0	0.0	0.0	0.0	0.0	0.0	0.0	0.0	0.0	0.0	0.0	0.0195578019558	0.00199290019929	0.0	0.157953	0.0	0.0	0.0	0.00161950016195	0.0122534012253	0.0245905024591	0.0	0.0	0.0	0.0	0.0	0.00586469765412	0.0020030002003
k__Bacteria;p__Firmicutes;c__Clostridia;o__Clostridiales;f__Clostridiales_Family_XIII_Incertae_Sedis;Other	0.0	0.0	0.0	0.0	0.0	0.0	0.0	0.0	0.0	0.0	0.0	0.0	0.0	0.0	0.0	0.0	0.0	0.0	0.0	0.0	0.0	0.0	0.0	0.0	0.0	0.0	0.0	0.0	0.0	0.0	0.0	0.0	0.0	0.0	0.0	0.0	0.0	0.0	0.0	0.0	0.00121930012193
k__Bacteria;p__Firmicutes;c__Clostridia;o__Clostridiales;f__Clostridiales_Family_XI_Incertae_Sedis;g__Anaerococcus	0.0	0.0	0.0	0.001390000695	0.0	0.0	0.00106510010651	0.0	0.0	0.0	0.0	0.0	0.0	0.0	0.0	0.0	0.0	0.0	0.0	0.0	0.0	0.0	0.0	0.0	0.0214860021486	0.00256720025672	0.0	0.0	0.0	0.0	0.0	0.0	0.0	0.00431140043114	0.0	0.0	0.0	0.0	0.0	0.0	0.00992790099279
k__Bacteria;p__Firmicutes;c__Clostridia;o__Clostridiales;f__Clostridiales_Family_XI_Incertae_Sedis;g__Finegoldia	0.0	0.0	0.0	0.0	0.0	0.0	0.00518140051814	0.0	0.0	0.0070509992949	0.0	0.0	0.0	0.0	0.0	0.0	0.0	0.0	0.0	0.0	0.0	0.0	0.0	0.0	0.0271370027137	0.0	0.0	0.0010286	0.0	0.00792029920797	0.0	0.0	0.00393530039353	0.00825480082548	0.0	0.0	0.0	0.0	0.0	0.0	0.0605286060529
k__Bacteria;p__Firmicutes;c__Clostridia;o__Clostridiales;f__Clostridiales_Family_XI_Incertae_Sedis;g__Peptoniphilus	0.0	0.0	0.0	0.0	0.0	0.0	0.0	0.0	0.0	0.0	0.0	0.0	0.0	0.0	0.0	0.0	0.0	0.0	0.0	0.0	0.0	0.0	0.0	0.0	0.0	0.0	0.0	0.0	0.0	0.0	0.0	0.0	0.0	0.0	0.0	0.0	0.0	0.0	0.0	0.0	0.001510000151
k__Bacteria;p__Firmicutes;c__Clostridia;o__Clostridiales;f__Eubacteriaceae;g__Eubacterium	0.0	0.0	0.0	0.0	0.0	0.0	0.0	0.0	0.00040530004053	0.0	0.0	0.0	0.0	0.0	0.0	0.0	0.0	0.0	0.0	0.0	0.0134413986559	0.0	0.0	0.0	0.00188630018863	0.0	0.0	0.0	0.0	0.0	0.00040249995975	0.0	0.00330020033002	0.0	0.0	0.0	0.0	0.0	0.0	0.0	0.00294890029489
k__Bacteria;p__Firmicutes;c__Clostridia;o__Clostridiales;f__Lachnospiraceae;g__Blautia	0.0	0.0	0.0	0.0	0.0	0.0	0.0	0.0	0.0	0.0	0.0	0.0	0.0	0.0	0.0	0.0	0.0	0.0	0.0	0.0	0.0	0.0	0.0	0.0	0.0	0.0	0.0	0.0	0.0	0.0	0.0	0.0	0.0	0.0	0.0	0.0176008035202	0.0	0.0	0.0	0.0	0.0
k__Bacteria;p__Firmicutes;c__Clostridia;o__Clostridiales;f__Lachnospiraceae;g__Dorea	0.0	0.0	0.0	0.0	0.0	0.0	0.0	0.0	0.0	0.0	0.0	0.0	0.0	0.0	0.0	0.0	0.0	0.0	0.0	0.0	0.0	0.0	0.0	0.0	0.0	0.0	0.0	0.0	0.0	0.0	0.0	0.0	0.0	0.0	0.0	0.0	0.0	0.0	0.0	0.0	0.00183320018332
k__Bacteria;p__Firmicutes;c__Clostridia;o__Clostridiales;f__Ruminococcaceae;g__Anaerotruncus	0.0	0.0	0.0	0.0	0.0	0.0	0.0	0.0	0.0	0.0	0.0	0.0	0.0	0.0	0.0	0.0	0.0	0.0	0.0	0.0	0.0	0.0	0.0	0.0	0.0	0.0	0.0	0.0	0.0	0.0	0.0	0.0	0.0	0.0	0.0	0.0042155008431	0.0	0.0	0.0	0.0	0.0
k__Bacteria;p__Firmicutes;c__Clostridia;o__Clostridiales;f__Ruminococcaceae;g__Faecalibacterium	0.0	0.0	0.0	0.0	0.0	0.0	0.0	0.0	0.0	0.0	0.0	0.0	0.0	0.0	0.0	0.0	0.0	0.0	0.0	0.0	0.0	0.0	0.0	0.0	0.0	0.0	0.0	0.0	0.0	0.0	0.0	0.0	0.00212740021274	0.0	0.0	0.0	0.0	0.0	0.0	0.0	0.00169720016972
k__Bacteria;p__Firmicutes;c__Clostridia;o__Clostridiales;f__Ruminococcaceae;g__Ruminococcus	0.0	0.0	0.0	0.0	0.0	0.0	0.0	0.0	0.00084490008449	0.0	0.0	0.0	0.0	0.0	0.0	0.0	0.0	0.0	0.0	0.0	0.0	0.0	0.0	0.0	0.0	0.0	0.0	0.0	0.0	0.0	0.0	0.0	0.001860000186	0.0	0.0	0.0	0.0	0.0	0.0	0.0	0.0
k__Bacteria;p__Firmicutes;c__Clostridia;o__Clostridiales;f__Ruminococcaceae;g__Subdoligranulum	0.0	0.0	0.0	0.0	0.0	0.0	0.0	0.0	0.0152740015274	0.0	0.0	0.0	0.00742749925725	0.0	0.0	0.0	0.0	0.0	0.0	0.0	0.0	0.0	0.0	0.0	0.0	0.0	0.0	0.0	0.0	0.0	0.0	0.0	0.0	0.0	0.0	0.0	0.0	0.0	0.0	0.0	0.00156410015641
k__Bacteria;p__Firmicutes;c__Negativicutes;o__Selenomonadales;f__Veillonellaceae;g__Veillonella	0.0	0.00341429931714	0.0	0.0	0.0	0.0	0.0	0.0	0.0	0.0	0.0	0.0	0.0	0.0	0.0	0.0	0.0	0.0	0.0	0.0	0.0	0.0	0.0	0.0	0.007160000716	0.0	0.0	0.0	0.0	0.0	0.0	0.0	0.00110750011075	0.00177380017738	0.0	0.0	0.0	0.0	0.0	0.0	0.00029980002998
k__Bacteria;p__Proteobacteria;c__Alphaproteobacteria;o__Caulobacterales;f__Caulobacteraceae;g__Brevundimonas	0.0	0.0229544954091	0.0	0.0	0.0	0.0228735	0.0	0.0	0.0120592012059	0.0	0.0	0.0324151032415	0.0	0.00812269918773	0.00632029810391	0.0	0.0	0.0	0.0187980981202	0.0188442018844	0.0219993978001	0.0	0.0170066982993	0.0	0.0	0.0	0.0279427055885	0.0106251	0.0	0.0	0.0151235984876	0.00666940066694	0.0105543010554	0.0	0.0	0.0	0.0	0.017735	0.0	0.0196143921542	0.00745880074588
k__Bacteria;p__Proteobacteria;c__Alphaproteobacteria;o__Caulobacterales;f__Caulobacteraceae;g__Caulobacter	0.0	0.0	0.0	0.0123009061505	0.0	0.0	0.0	0.0	0.0	0.0	0.0161188983881	0.0	0.0	0.00307039969296	0.0086619974014	0.0	0.0	0.0	0.0	0.0130853013085	0.0413264958674	0.0	0.0107484989252	0.0	0.0	0.0218848021885	0.00763620152724	0.0	0.0	0.0	0.0	0.0	0.0	0.0	0.0	0.00280860056172	0.0	0.0	0.0	0.0	0.00613650061365
k__Bacteria;p__Proteobacteria;c__Alphaproteobacteria;o__Rhizobiales;f__Bradyrhizobiaceae;g__Afipia	0.0	0.0	0.0	0.0	0.0	0.0	0.0	0.0	0.0	0.0	0.0	0.0	0.0	0.00042469995753	0.0	0.0	0.0	0.0	0.0	0.0	0.0	0.0	0.0	0.0	0.0	0.0	0.0	0.0	0.0	0.0	0.0	0.0	0.0	0.0	0.0	0.0	0.0	0.0	0.0	0.0	0.0001850000185
k__Bacteria;p__Proteobacteria;c__Alphaproteobacteria;o__Rhizobiales;f__Bradyrhizobiaceae;g__Rhodopseudomonas	0.0	0.0	0.0	0.0	0.0	0.0	0.0	0.0	0.0	0.0	0.0	0.0	0.0	0.0	0.0	0.0	0.0	0.0	0.0	0.0	0.0	0.0	0.0	0.0	0.0	0.0	0.0	0.0	0.0	0.0	0.0	0.0	0.0	0.0	0.0	0.0	0.0	0.0	0.0	0.0	0.00256140025614
k__Bacteria;p__Proteobacteria;c__Alphaproteobacteria;o__Rhizobiales;f__Hyphomicrobiaceae;Other	0.0	0.0	0.0	0.0	0.0	0.0	0.0	0.0	0.0	0.0	0.0	0.0	0.0	0.0	0.0	0.0	0.0	0.0	0.0	0.0	0.0	0.0	0.0	0.0	0.0	0.0	0.020489804098	0.0237382	0.00614989877002	0.0	0.0	0.0	0.0	0.0	0.0	0.0	0.0	0.0	0.0	0.0135963945614	0.00139270013927
k__Bacteria;p__Proteobacteria;c__Alphaproteobacteria;o__Rhizobiales;f__Methylobacteriaceae;g__Methylobacterium	0.0	0.0	0.0	0.0	0.0	0.0	0.0	0.0	0.0	0.0	0.0	0.0	0.0	0.00119529988047	0.0	0.0	0.0	0.0	0.0	0.0	0.0	0.0	0.0	0.0	0.0	0.0	0.0	0.0	0.0	0.0	0.0	0.0	0.0	0.0	0.0	0.0	0.0	0.0	0.0	0.0	0.00730810073081
k__Bacteria;p__Proteobacteria;c__Alphaproteobacteria;o__Rhizobiales;f__Rhizobiaceae;g__Agrobacterium	0.0	0.0	0.0	0.0	0.0	0.0	0.0	0.0	0.0	0.0	0.0	0.0	0.0	0.0	0.0	0.0	0.0	0.0	0.0	0.0	0.0	0.0	0.0	0.0	0.0	0.0	0.0	0.0	0.0	0.0	0.0	0.0	0.0	0.0	0.0	0.0	0.0	0.0	0.0	0.0	0.00093630009363
k__Bacteria;p__Proteobacteria;c__Alphaproteobacteria;o__Rhizobiales;f__Rhodobiaceae;Other	0.0	0.0	0.0	0.0	0.0	0.0	0.0	0.0	0.0	0.0	0.0	0.0	0.0	0.0	0.0	0.0	0.0	0.0	0.0	0.0	0.0	0.0	0.0	0.0	0.0	0.0	0.0	0.0	0.0	0.0	0.0	0.028809702881	0.0	0.0	0.0	0.0	0.0	0.0	0.0	0.0	0.0
k__Bacteria;p__Proteobacteria;c__Alphaproteobacteria;o__Rhodobacterales;f__Rhodobacteraceae;g__Paracoccus	0.0	0.0	0.0	0.0030726015363	0.0	0.0	0.00463720046372	0.0	0.0	0.0	0.0	0.0	0.0	0.0369163963084	0.0	0.0	0.0	0.0	0.0	0.0	0.0	0.0	0.0	0.0	0.0	0.0	0.00283570056714	0.0	0.0	0.0	0.0	0.0	0.00741520074152	0.0	0.0	0.0	0.0	0.0	0.0	0.0	0.00819470081947
k__Bacteria;p__Proteobacteria;c__Alphaproteobacteria;o__Rhodospirillales;f__Acetobacteraceae;g__Roseomonas	0.0	0.0	0.0	0.0	0.0	0.0	0.0	0.0	0.0	0.0	0.0	0.0	0.013280198672	0.00340729965927	0.0	0.0	0.0	0.0	0.0	0.0	0.0	0.0	0.0	0.0	0.0	0.00447260044726	0.0	0.0027414	0.0	0.0	0.00323749967625	0.0	0.00264720026472	0.0	0.0	0.0	0.0	0.0	0.0	0.0	0.0585775058578
k__Bacteria;p__Proteobacteria;c__Alphaproteobacteria;o__Rickettsiales;f__Anaplasmataceae;g__Wolbachia	0.0486553048655	0.0	0.0	0.0094232047116	0.0	0.0	0.0	0.23790027621	0.0480044048004	0.0116571988343	0.0	0.0168592016859	0.0	0.0	0.0	0.0	0.164268783573	0.147623314762	0.0	0.0	0.0	0.0	0.0	0.0	0.0	0.0	0.0	0.0	0.00358609928278	0.0	0.0	0.0	0.0	0.0176553017655	0.0	0.0	0.0263453	0.0	0.0	0.0207005917198	0.00889320088932
k__Bacteria;p__Proteobacteria;c__Alphaproteobacteria;o__Rickettsiales;f__Rickettsiaceae;g__Rickettsia	0.0	0.00704319859136	0.0	0.0	0.0	0.0	0.0	0.0548607945139	0.0558108055811	0.0	0.090970390903	0.0	0.0	0.00575729942427	0.0	0.0	0.655231434477	0.0	0.00170149982985	0.0	0.0	0.0	0.00621859937814	0.0	0.0	0.0	0.0	0.0194346	0.0243917951216	0.0708826929117	0.0	0.0	0.0	0.0360230036023	0.0	0.0	0.0	0.0	0.0	0.0	0.0287014028701
k__Bacteria;p__Proteobacteria;c__Alphaproteobacteria;o__Sphingomonadales;f__Sphingomonadaceae;g__Sphingobium	0.0	0.0	0.0	0.0	0.0	0.0123675	0.0	0.0	0.0	0.0	0.0	0.0	0.00586419941358	0.0	0.0	0.0	0.0	0.0	0.0	0.0	0.0	0.0	0.0	0.0	0.0	0.0	0.0	0.0	0.0	0.0	0.0	0.0	0.0	0.0	0.0	0.0	0.0	0.0	0.0	0.0	0.00697640069764
k__Bacteria;p__Proteobacteria;c__Alphaproteobacteria;o__Sphingomonadales;f__Sphingomonadaceae;g__Sphingomonas	0.0	0.0	0.0	0.0	0.0	0.0	0.0	0.0	0.0	0.0	0.0	0.0	0.0	0.0	0.0	0.0	0.0	0.0	0.0	0.0	0.0	0.0	0.0	0.0	0.0	0.0	0.0	0.0	0.0	0.0	0.0	0.0	0.0	0.0	0.0	0.0	0.0	0.0	0.0	0.0	6.550000655e-05
k__Bacteria;p__Proteobacteria;c__Alphaproteobacteria;o__Sphingomonadales;f__Sphingomonadaceae;g__Sphingopyxis	0.0	0.0	0.0	0.0	0.0	0.0	0.0	0.0	0.0	0.0	0.0	0.0	0.0	0.0	0.0	0.0	0.0	0.0	0.0	0.0	0.0	0.0	0.0	0.0	0.0	0.0	0.0	0.0	0.0	0.0	0.0	0.0	0.00039870003987	0.0	0.0	0.0	0.0	0.0	0.0	0.0	0.00074230007423
k__Bacteria;p__Proteobacteria;c__Betaproteobacteria;o__Burkholderiales;f__Burkholderiaceae;g__Burkholderia	0.0	0.0	0.0	0.0	0.0	0.0	0.0	0.0	0.0	0.0	0.0	0.0	0.0	0.0	0.0	0.0	0.0	0.0	0.0	0.0	0.0	0.0	0.0	0.0	0.0	0.0301536030154	0.0	0.0	0.0	0.0	0.0	0.0	0.0	0.0	0.0	0.0	0.0	0.0	0.0	0.0	0.00437440043744
k__Bacteria;p__Proteobacteria;c__Betaproteobacteria;o__Burkholderiales;f__Burkholderiales_noname;g__Thiomonas	0.0	0.0	0.0	0.0	0.0	0.0	0.0	0.0	0.0	0.0	0.0	0.0	0.0	0.0	0.0	0.0526007947399	0.0	0.0	0.0	0.0	0.0	0.0	0.0	0.0	0.0	0.0	0.0	0.0	0.0	0.0	0.0	0.0	0.0	0.0	0.0	0.0	0.0	0.0	0.0	0.0	0.0
k__Bacteria;p__Proteobacteria;c__Betaproteobacteria;o__Burkholderiales;f__Comamonadaceae;g__Comamonas	0.0245354024535	0.0	0.0	0.00484270242135	0.0	0.0	0.0	0.0	0.0	0.0	0.0	0.010729501073	0.0	0.0	0.0	0.0	0.0	0.0	0.0	0.0156452015645	0.0165255983474	0.0	0.0	0.0	0.0	0.0	0.0	0.0269595	0.0	0.0	0.0	0.0	0.0	0.0	0.0	0.0	0.0	0.0	0.0	0.0	0.00063270006327
k__Bacteria;p__Proteobacteria;c__Betaproteobacteria;o__Burkholderiales;f__Comamonadaceae;g__Polaromonas	0.0	0.0	0.0	0.00242530121265	0.0	0.0	0.0	0.0	0.0	0.0	0.0	0.0	0.0	0.0	0.0	0.0	0.0	0.0	0.0	0.0	0.0	0.0	0.0	0.0	0.0	0.0	0.0	0.0	0.0	0.0	0.0	0.0	0.0	0.0	0.0	0.0	0.0	0.0	0.0	0.0	0.00152770015277
k__Bacteria;p__Proteobacteria;c__Betaproteobacteria;o__Burkholderiales;f__Comamonadaceae;g__Variovorax	0.0	0.0	0.0044741	0.006812003406	0.0	0.0109873	0.0	0.0	0.001280000128	0.0	0.0113133988687	0.00424690042469	0.00548619945138	0.00072189992781	0.0	0.0152679984732	0.0	0.0	0.0	0.0	0.0194313980569	0.0	0.0	0.0	0.0	0.0	0.0	0.0	0.0	0.0	0.0139535986046	0.0	0.0030540003054	0.0	0.0	0.0	0.0	0.0040868	0.0	0.00858839656464	0.00521750052175
k__Bacteria;p__Proteobacteria;c__Betaproteobacteria;o__Burkholderiales;f__Oxalobacteraceae;g__Janthinobacterium	0.0	0.0	0.0	0.0026396013198	0.0	0.0	0.0	0.0	0.0	0.0	0.0	0.0	0.00482469951753	0.0	0.0	0.0	0.0	0.0	0.0	0.0	0.0	0.0	0.0	0.0	0.0	0.0	0.0	0.0057025	0.0	0.0	0.00332959966704	0.0	0.00140390014039	0.0	0.0	0.0	0.0	0.0072288	0.0	0.0	0.0027040002704
k__Bacteria;p__Proteobacteria;c__Betaproteobacteria;o__Burkholderiales;f__Oxalobacteraceae;g__Massilia	0.0	0.0	0.024275	0.00806990403495	0.0	0.1213976	0.0141367014137	0.0240194975981	0.0296816029682	0.0	0.0372427962757	0.0704161070416	0.177878982212	0.157806984219	0.0445791866262	0.0505146949485	0.0	0.0	0.0246140975386	0.0295030029503	0.0112167988783	0.0	0.0535362946464	0.0	0.0	0.0444332044433	0.0531139106228	0.0766483	0.0204779959044	0.0267622973238	0.135884186412	0.0174186017419	0.0322076032208	0.00852230085223	0.039132	0.0007625001525	0.0278819	0.093576	0.0	0.061422575431	0.0237050023705
k__Bacteria;p__Proteobacteria;c__Betaproteobacteria;o__Methylophilales;f__Methylophilaceae;g__Methylotenera	0.0	0.0	0.0	0.0	0.0	0.0	0.0	0.0	0.0	0.0	0.0	0.0	0.0	0.0	0.0	0.0	0.0	0.0	0.0	0.0	0.0	0.0	0.0	0.0	0.0	0.0	0.0	0.0	0.0	0.0	0.00448309955169	0.0	0.0	0.0	0.0	0.0	0.0	0.0	0.0	0.0	0.0
k__Bacteria;p__Proteobacteria;c__Gammaproteobacteria;o__Enterobacteriales;f__Enterobacteriaceae;g__Buchnera	0.0653880065388	0.0	0.0	0.0	0.0	0.0	0.0	0.0	0.0	0.0	0.0	0.0	0.0	0.0	0.0	0.0	0.0	0.0	0.0	0.0	0.0	0.0	0.0	0.0	0.0	0.0	0.0	0.0	0.0	0.0	0.0	0.0	0.0	0.0	0.0	0.0	0.0	0.0	0.0	0.0	0.0
k__Bacteria;p__Proteobacteria;c__Gammaproteobacteria;o__Enterobacteriales;f__Enterobacteriaceae;g__Candidatus_Hamiltonella	0.0	0.0	0.0	0.0084294042147	0.0	0.0	0.0	0.0	0.0	0.0	0.0	0.0	0.0	0.0	0.0	0.0	0.0	0.0436247043625	0.0	0.0	0.0	0.0	0.0	0.0	0.0	0.0	0.0	0.0	0.0	0.0	0.0	0.0	0.0	0.0	0.0	0.0	0.0	0.0	0.0	0.0	0.0
k__Bacteria;p__Proteobacteria;c__Gammaproteobacteria;o__Enterobacteriales;f__Enterobacteriaceae;g__Enterobacter	0.0	0.112183277563	0.0	0.029530014765	0.0	0.0	0.0	0.0494718950528	0.0	0.0	0.0	0.0	0.0	0.0	0.0	0.047639795236	0.0	0.0	0.295433870457	0.0900058090006	0.0	0.0	0.0	0.0	0.0	0.0	0.103913620783	0.0	0.0	0.0	0.0	0.0	0.0	0.0	0.0	0.0052530010506	0.0	0.0099555	0.0	0.0	0.00373770037377
k__Bacteria;p__Proteobacteria;c__Gammaproteobacteria;o__Enterobacteriales;f__Enterobacteriaceae;g__Erwinia	0.0	0.0	0.0	0.0130610065305	0.0	0.0	0.0	0.0	0.0	0.0	0.0	0.0	0.0	0.0	0.0	0.0	0.0	0.0	0.0	0.0	0.0	0.0	0.0	0.0	0.0	0.0	0.0	0.0	0.0	0.0	0.0	0.0	0.0	0.0	0.0	0.0	0.0	0.0	0.0	0.0	0.00206490020649
k__Bacteria;p__Proteobacteria;c__Gammaproteobacteria;o__Enterobacteriales;f__Enterobacteriaceae;g__Escherichia	0.0	0.0409679918064	0.0	0.0	0.0	0.0	0.0	0.0	0.0	0.0	0.0	0.0	0.0	0.0	0.0	0.0211405978859	0.0	0.0	0.0316909968309	0.0	0.0	0.0	0.0	0.0	0.0	0.0	0.0202945040589	0.0	0.0	0.0	0.0	0.0	0.0	0.0	0.0	0.0	0.1569775	0.0	0.0	0.00673339730664	0.0
k__Bacteria;p__Proteobacteria;c__Gammaproteobacteria;o__Enterobacteriales;f__Enterobacteriaceae;g__Pantoea	0.0499256049926	0.0	0.0	0.0522122261061	0.0	0.0	0.0	0.0	0.0	0.0134553986545	0.0	0.0938722093872	0.0	0.0	0.0226522932043	0.0	0.0	0.127082212708	0.0147119985288	0.0	0.0	0.0	0.105515889448	0.0	0.0	0.0	0.0	0.0	0.0475904904819	0.0	0.0133312986669	0.0	0.0111519011152	0.0624635062464	0.0	0.0	0.0	0.0050822	0.0621326	0.0135096945961	0.012840201284
k__Bacteria;p__Proteobacteria;c__Gammaproteobacteria;o__Enterobacteriales;f__Enterobacteriaceae;g__Providencia	0.0	0.0	0.0	0.0	0.0	0.0	0.0	0.0	0.0	0.0	0.0	0.0	0.0	0.0	0.0	0.0	0.0	0.0	0.0	0.0	0.0	0.0	0.0	0.0	0.0	0.0	0.0	0.0	0.0	0.0	0.0	0.0	0.0	0.0	0.0	0.0	0.0	0.0	0.0	0.00422409831036	0.0
k__Bacteria;p__Proteobacteria;c__Gammaproteobacteria;o__Enterobacteriales;f__Enterobacteriaceae;g__Rahnella	0.0	0.0	0.0	0.0	0.0	0.0	0.0	0.0	0.0	0.0	0.0	0.0	0.0	0.0	0.0	0.0	0.0	0.0	0.0	0.0	0.0	0.0	0.0	0.0	0.0	0.0	0.0	0.0	0.0	0.0	0.0	0.0	0.0	0.0	0.0	0.0	0.0	0.0	0.0	0.0	0.00566810056681
k__Bacteria;p__Proteobacteria;c__Gammaproteobacteria;o__Enterobacteriales;f__Enterobacteriaceae;g__Serratia	0.0	0.0	0.0	0.0	0.0	0.0	0.0	0.0	0.232432323243	0.0	0.0	0.0	0.0	0.0	0.0	0.0	0.0	0.0	0.0	0.0	0.0	0.0	0.0303520969648	0.0	0.0	0.0	0.0	0.0	0.818841536232	0.267051873295	0.0	0.0	0.0	0.0	0.0	0.0	0.0	0.0	0.0	0.0	0.00606710060671
k__Bacteria;p__Proteobacteria;c__Gammaproteobacteria;o__Pseudomonadales;f__Moraxellaceae;g__Acinetobacter	0.0	0.0	0.0	0.0058612029306	0.0	0.0790776	0.0	0.0	0.0	0.0	0.0	0.0	0.0	0.155832984417	0.0131980960406	0.0	0.0	0.360275136028	0.0	0.0521822052182	0.0	0.0	0.0	0.0	0.0	0.0	0.0	0.229091	0.0	0.0	0.0748845925115	0.0139845013985	0.01930010193	0.0	0.0	0.0	0.0	0.0	0.0	0.0	0.0164525016453
k__Bacteria;p__Proteobacteria;c__Gammaproteobacteria;o__Pseudomonadales;f__Moraxellaceae;g__Enhydrobacter	0.0	0.0	0.0	0.00299490149745	0.0	0.0125936	0.0350309035031	0.0	0.0	0.0256891974311	0.0247541975246	0.0	0.0107452989255	0.207877779212	0.0	0.0	0.0	0.0838510083851	0.0	0.0	0.0	0.0	0.0	0.0	0.0	0.0180509018051	0.00963090192618	0.0262309	0.0	0.00496849950315	0.00597259940274	0.0267026026703	0.0664736066474	0.0181431018143	0.0	0.0	0.0	0.0	0.0	0.00094289962284	0.233277823328
k__Bacteria;p__Proteobacteria;c__Gammaproteobacteria;o__Pseudomonadales;f__Pseudomonadaceae;g__Pseudomonas	0.192153219215	0.220735955853	0.0	0.170669085335	0.0	0.1242926	0.0144018014402	0.202460679754	0.145157714516	0.0	0.225573177443	0.336118733612	0.0705876929412	0.0524558947544	0.0811087756674	0.0	0.0	0.115751711575	0.0948619905138	0.245055524506	0.0647113935289	0.0	0.049709895029	0.6748119	0.0289374028937	0.0683080068308	0.0728982145796	0.1689105	0.0200819959836	0.366008063399	0.245515775448	0.0430707043071	0.0207924020792	0.0	0.3099047	0.0128930025786	0.2819324	0.2686814	0.3475348	0.120931851627	0.056979905698
k__Bacteria;p__Proteobacteria;c__Gammaproteobacteria;o__Xanthomonadales;f__Sinobacteraceae;Other	0.0	0.0	0.0	0.0	0.0	0.0	0.0	0.0	0.0	0.0	0.0	0.0	0.0	0.0	0.0	0.0	0.0	0.0	0.0	0.0	0.0	0.0	0.0	0.0	0.0	0.0	0.0	0.0	0.0	0.0	0.0	0.0	0.0	0.0	0.0	0.0	0.0	0.0	0.0501589	0.0	0.0
k__Bacteria;p__Proteobacteria;c__Gammaproteobacteria;o__Xanthomonadales;f__Xanthomonadaceae;g__Stenotrophomonas	0.0	0.0	0.0	0.0	0.0	0.0	0.0	0.0	0.0	0.0	0.0	0.0	0.00182659981734	0.0	0.0	0.0	0.0	0.0	0.0	0.0	0.0	0.0	0.0	0.0	0.0	0.00167610016761	0.0	0.0067198	0.0	0.0	0.00342019965798	0.0	0.0	0.0	0.0	0.0	0.0	0.0012357	0.0	0.0	0.00373070037307
k__Bacteria;p__Tenericutes;c__Mollicutes;o__Entomoplasmatales;f__Spiroplasmataceae;g__Spiroplasma	0.0	0.0	0.0	0.0	0.0	0.0	0.0	0.0	0.0	0.0	0.0	0.0	0.0	0.0	0.0	0.0	0.0	0.0	0.0	0.0	0.0	0.0	0.0	0.0	0.0	0.0	0.0	0.0	0.0	0.0	0.0	0.0	0.0	0.0	0.0	0.0	0.0	0.0	0.0	0.0	0.00065470006547
k__Eukaryota;p__Ascomycota;c__Eurotiomycetes;o__Eurotiales;f__Aspergillaceae;Other	0.0	0.0	0.0	0.0	0.0	0.0	0.0	0.0	0.0	0.0	0.0	0.0	0.0	0.0	0.0	0.0	0.0	0.0	0.0	0.0	0.0	0.0	0.0	0.0	0.0	0.0	0.0	0.0	0.0	0.0	0.0	0.0	0.0	0.0	0.0	0.0	0.0	0.0	0.0	0.0	0.0007960000796
k__Viruses;p__Viruses_noname;c__Viruses_noname;o__Caudovirales;f__Myoviridae;g__Myoviridae_noname	0.0	0.0	0.0	0.0	0.0	0.0	0.0	0.0	0.0	0.0	0.0	0.0	0.0	0.0	0.0	0.0	0.0	0.0	0.211716578828	0.0	0.0	0.0	0.0	0.0	0.0	0.0	0.0	0.0	0.0	0.0	0.0	0.0	0.0	0.0	0.0	0.0	0.0	0.0	0.0	0.0	0.0
k__Viruses;p__Viruses_noname;c__Viruses_noname;o__Caudovirales;f__Podoviridae;g__Podoviridae_noname	0.0	0.0	0.0	0.210595905298	0.0	0.0	0.0	0.0	0.0	0.0	0.0	0.0	0.0	0.0	0.0	0.0	0.0	0.0	0.0	0.0	0.0	0.0	0.0	0.0	0.0	0.0	0.0	0.0	0.0	0.0	0.0	0.0	0.0	0.0	0.0	0.0	0.0	0.0	0.0	0.0	0.0
k__Viruses;p__Viruses_noname;c__Viruses_noname;o__Caudovirales;f__Siphoviridae;g__C2likevirus	0.0	0.0	0.0600371	0.0	0.0	0.0049444	0.00286460028646	0.0	0.0	0.0	0.0	0.0	0.003509999649	0.0	0.0	0.0	0.0	0.0	0.0	0.0182783018278	0.0128712987129	0.0	0.0	0.0	0.0201451020145	0.0337633033763	0.00724980144996	0.0020998	0.0	0.0	0.0	0.0	0.00592340059234	0.00579120057912	0.0	0.0	0.0	0.0106883	0.0	0.00481069807572	0.00070580007058
k__Viruses;p__Viruses_noname;c__Viruses_noname;o__Caudovirales;f__Siphoviridae;g__Siphoviridae_noname	0.0	0.0	0.2447549	0.0	0.0	0.0	0.126989212699	0.0	0.0	0.0	0.0	0.0	0.0	0.0415967958403	0.0	0.0	0.0	0.0	0.0	0.0	0.0	0.0	0.0	0.0	0.0	0.0	0.0	0.0	0.0	0.0	0.0	0.0	0.0	0.0	0.0	0.0	0.0	0.0	0.0	0.0	0.0
k__Viruses;p__Viruses_noname;c__Viruses_noname;o__Viruses_noname;f__Inoviridae;g__Plectrovirus	0.0	0.0	0.0	0.0	0.0	0.0	0.0	0.0	0.0	0.0	0.0	0.0	0.0	0.0	0.0	0.0	0.0	0.0	0.0	0.0	0.0390383960962	0.0	0.0	0.0	0.0	0.0	0.0	0.0	0.0	0.0	0.0	0.0	0.0	0.0	0.0	0.0	0.0	0.0	0.0	0.0	0.0
k__Viruses;p__Viruses_noname;c__Viruses_noname;o__Viruses_noname;f__Papillomaviridae;g__Alphapapillomavirus	0.0	0.0	0.0	0.0	0.0	0.0	0.0	0.0	0.0	0.0	0.0	0.0	0.0	0.0	0.0	0.0	0.0	0.0	0.0	0.0	0.0	0.0	0.0	0.0	0.0	0.0	0.0	0.0	0.0	0.0	0.0	0.0	0.0216768021677	0.0	0.0	0.0	0.0	0.0	0.0	0.0	0.0141920014192
k__Viruses;p__Viruses_noname;c__Viruses_noname;o__Viruses_noname;f__Retroviridae;g__Gammaretrovirus	0.0	0.0	0.0	0.0	0.0	0.0	0.0	0.0	0.0	0.0	0.0	0.0	0.0	0.0	0.0	0.0542076945792	0.0	0.0	0.0	0.0	0.0	0.0	0.0	0.0	0.00753910075391	0.0	0.0	0.0	0.0	0.0	0.0	0.0	0.0	0.0	0.0	0.0	0.0	0.0	0.0	0.0	0.0
