Taxon	AAGAGGCA.AGAGGATA_S83	AAGAGGCA.ATAGAGAG_S82	AAGAGGCA.CTCCTTAC_S85	AGGCAGAA.AGAGGATA_S19	AGGCAGAA.ATAGAGAG_S18	AGGCAGAA.CTCCTTAC_S21	AGGCAGAA.TACTCCTT_S23	AGGCAGAA.TATGCAGT_S22	CGAGGCTG.ATAGAGAG_S74	CGAGGCTG.CTCCTTAC_S77	CGTACTAG.AGAGGATA_S11	CGTACTAG.ATAGAGAG_S10	CGTACTAG.CTCCTTAC_S13	CGTACTAG.TACTCCTT_S15	CGTACTAG.TATGCAGT_S14	CTCTCTAC.AGAGGATA_S51	CTCTCTAC.ATAGAGAG_S50	CTCTCTAC.CTCCTTAC_S53	CTCTCTAC.TATGCAGT_S54	GGACTCCT.AGAGGATA_S35	GGACTCCT.CTCCTTAC_S37	GGACTCCT.TACTCCTT_S39	GGACTCCT.TATGCAGT_S38	GTAGAGGA.AGAGGATA_S91	GTAGAGGA.ATAGAGAG_S90	GTAGAGGA.CTCCTTAC_S93	GTAGAGGA.TATGCAGT_S94	TAAGGCGA.AGAGGATA_S3	TAAGGCGA.ATAGAGAG_S2	TAAGGCGA.CTCCTTAC_S5	TAAGGCGA.TACTCCTT_S7	TAAGGCGA.TATGCAGT_S6	TAGGCATG.AGAGGATA_S43	TAGGCATG.ATAGAGAG_S42	TAGGCATG.TATGCAGT_S46	TCCTGAGC.AGAGGATA_S27	TCCTGAGC.ATAGAGAG_S26	TCCTGAGC.CTCCTTAC_S29	TCCTGAGC.TACTCCTT_S31	TCCTGAGC.TATGCAGT_S30	Undetermined_S0
k__Bacteria;p__Acidobacteria;c__Acidobacteriia;o__Acidobacteriales;f__Acidobacteriaceae	0.0	0.0217264956547	0.0	0.00559950279975	0.0	0.0073403	0.00425260042526	0.0	0.0567470056747	0.0	0.0666077933392	0.0124062012406	0.0	0.0	0.0119749964075	0.0	0.0	0.0	0.00804579919542	0.0	0.110911088909	0.0	0.0146783985322	0.0	0.0	0.0701767070177	0.0	0.0	0.0	0.0	0.0124443987556	0.0	0.0155715015572	0.0	0.0457547	0.0	0.0	0.0	0.0	0.0142835942866	0.00401390040139
k__Bacteria;p__Actinobacteria;c__Actinobacteria;o__Actinomycetales;f__Actinomycetaceae	0.0	0.0	0.0	0.0	0.0	0.0	0.0	0.0	0.0	0.0	0.0	0.0	0.0	0.0	0.0	0.0	0.0	0.0	0.0	0.0	0.0	0.0	0.0	0.0	0.0	0.0	0.0	0.0	0.0	0.0	0.0	0.0	0.0	0.0	0.0	0.0	0.0	0.0	0.0	0.0	0.00694720069472
k__Bacteria;p__Actinobacteria;c__Actinobacteria;o__Actinomycetales;f__Brevibacteriaceae	0.0	0.0	0.0	0.0	0.0	0.0	0.0218284021828	0.0	0.0	0.0	0.0	0.0	0.0	0.00827839917216	0.0	0.0	0.0	0.0	0.0	0.0	0.0	0.0	0.0	0.0	0.021929902193	0.0	0.0	0.0	0.0	0.0	0.0	0.0326406032641	0.0157573015757	0.0	0.0	0.0	0.0	0.0	0.0	0.0	0.00375490037549
k__Bacteria;p__Actinobacteria;c__Actinobacteria;o__Actinomycetales;f__Cellulomonadaceae	0.0	0.0	0.0	0.00181430090715	0.0	0.0025077	0.0	0.0	0.0	0.0	0.0	0.0	0.0	0.00280869971913	0.0	0.0	0.0	0.0	0.0	0.0	0.0	0.0	0.0	0.0	0.0	0.0	0.0	0.0	0.0	0.0	0.0	0.0	0.00331010033101	0.0	0.0	0.0	0.0	0.0	0.0	0.0	0.00150470015047
k__Bacteria;p__Actinobacteria;c__Actinobacteria;o__Actinomycetales;f__Corynebacteriaceae	0.0	0.0	0.0	0.0183966091983	0.2279027	0.0	0.0206909020691	0.0	0.0	0.00199289980071	0.0	0.0	0.0	0.0	0.0200701939789	0.0	0.0	0.0	0.0	0.0	0.0	0.0	0.00503489949651	0.241923	0.0360382036038	0.00289070028907	0.00368520073704	0.0030726	0.0	0.00267249973275	0.0032519996748	0.0207069020707	0.0569180056918	0.0101769010177	0.0	0.0275247055049	0.0	0.0	0.0	0.0	0.0150089015009
k__Bacteria;p__Actinobacteria;c__Actinobacteria;o__Actinomycetales;f__Dermabacteraceae	0.0	0.0	0.0	0.0	0.0	0.0	0.00809320080932	0.0	0.0	0.0	0.0	0.0	0.0	0.0	0.0	0.0	0.0	0.0	0.0136406986359	0.0	0.0	0.0	0.0	0.0	0.0	0.0253354025335	0.0	0.0	0.0	0.0	0.0	0.0268140026814	0.0389720038972	0.0	0.0	0.0	0.0	0.0	0.0	0.00172429931028	0.0113506011351
k__Bacteria;p__Actinobacteria;c__Actinobacteria;o__Actinomycetales;f__Dermacoccaceae	0.0	0.0	0.0	0.0	0.0	0.0	0.0	0.0	0.0	0.0	0.0	0.0	0.0	0.0	0.0	0.0	0.0	0.0	0.0	0.0	0.0	0.0	0.0	0.0	0.0	0.0	0.0	0.0	0.0	0.0	0.0	0.0	0.00318180031818	0.0	0.0	0.0	0.0	0.0	0.0	0.0	0.0
k__Bacteria;p__Actinobacteria;c__Actinobacteria;o__Actinomycetales;f__Dermatophilaceae	0.0	0.0	0.0	0.0	0.0	0.0	0.0100056010006	0.0	0.0504240050424	0.0	0.0522387947761	0.0	0.024520297548	0.0	0.0	0.0	0.0	0.0	0.0	0.0	0.0	0.0	0.0	0.0	0.0	0.0	0.0	0.0	0.0	0.0	0.0	0.0	0.0144455014446	0.0	0.0	0.0	0.0	0.0	0.0	0.0	0.00860580086058
k__Bacteria;p__Actinobacteria;c__Actinobacteria;o__Actinomycetales;f__Dietziaceae	0.0	0.0	0.0	0.0	0.0	0.0	0.0147079014708	0.0	0.0	0.0	0.0	0.0	0.0	0.0	0.0	0.0	0.0	0.0	0.0	0.0	0.0	0.0	0.0	0.0	0.0	0.0	0.0	0.0	0.00414739917052	0.0	0.0	0.0	0.00992140099214	0.0	0.0	0.0	0.0	0.0	0.0	0.0	0.00170960017096
k__Bacteria;p__Actinobacteria;c__Actinobacteria;o__Actinomycetales;f__Geodermatophilaceae	0.0	0.0	0.0167272	0.0103389051695	0.0	0.0340872	0.0093540009354	0.0	0.00471050047105	0.0	0.0385878961412	0.00344880034488	0.030070496993	0.0850429914957	0.00570349828895	0.0308629969137	0.0	0.0	0.0134654986535	0.00675520067552	0.0659781934022	0.0	0.0364656963534	0.0	0.0	0.0579942057994	0.0319617063923	0.0	0.0	0.0	0.0207453979255	0.00899510089951	0.0155425015543	0.0	0.0134777	0.0	0.0078265	0.0054743	0.006571	0.0123261950695	0.00539330053933
k__Bacteria;p__Actinobacteria;c__Actinobacteria;o__Actinomycetales;f__Gordoniaceae	0.0	0.0	0.0	0.0	0.0	0.0	0.0	0.0	0.0	0.0	0.0	0.0	0.0	0.0281380971862	0.0	0.0	0.0	0.0	0.0	0.0	0.0	0.0	0.0	0.0	0.0	0.0	0.0	0.0	0.0	0.0	0.0	0.0	0.0	0.0	0.0	0.0	0.0	0.0	0.0	0.0	0.0
k__Bacteria;p__Actinobacteria;c__Actinobacteria;o__Actinomycetales;f__Intrasporangiaceae	0.0	0.0	0.0	0.0	0.0	0.0	0.0021710002171	0.0	0.0	0.0	0.0	0.0	0.0	0.0	0.0	0.0	0.0	0.0	0.0	0.0	0.0	0.0	0.0	0.0	0.0	0.0	0.0	0.0	0.0	0.0	0.0	0.0	0.00254230025423	0.0	0.0	0.0	0.0	0.0	0.0	0.0	0.00048250004825
k__Bacteria;p__Actinobacteria;c__Actinobacteria;o__Actinomycetales;f__Microbacteriaceae	0.00181610018161	0.0234022953195	0.347125	0.00763250381625	0.0	0.2003266	0.105418710542	0.0693559930644	0.028160102816	0.0212412978759	0.0668750933125	0.147829314783	0.236158376384	0.0	0.190256642923	0.124546887545	0.0234749976525	0.0	0.105064589494	0.0389709038971	0.0701261929874	0.0	0.346861165314	0.0	0.0	0.167488216749	0.235774547155	0.0067491	0.00200229959954	0.0	0.191393680861	0.0397318039732	0.0456610045661	0.0146334014633	0.1240764	0.0	0.0	0.1184154	0.0368454	0.286109485556	0.0310143031014
k__Bacteria;p__Actinobacteria;c__Actinobacteria;o__Actinomycetales;f__Micrococcaceae	0.0	0.065869986826	0.0	0.0121642060821	0.0	0.0095964	0.190094419009	0.0	0.0	0.251741574826	0.0	0.0	0.00542569945743	0.118552788145	0.0	0.0	0.0	0.0234607023461	0.00260549973945	0.00255080025508	0.0	0.0	0.0177922982208	0.0	0.0	0.00616810061681	0.0738534147707	0.0032666	0.00738829852234	0.0	0.0314327968567	0.167321516732	0.104705110471	0.0	0.0	0.0	0.0	0.0044037	0.0216173	0.00331159867536	0.0470431047043
k__Bacteria;p__Actinobacteria;c__Actinobacteria;o__Actinomycetales;f__Micromonosporaceae	0.0	0.0	0.083732	0.0162708081354	0.0	0.0219746	0.0	0.0	0.0	0.0	0.0	0.0	0.0	0.0	0.0	0.0	0.0	0.0	0.0	0.0965078096508	0.0	0.0	0.0	0.0	0.0	0.0322233032223	0.0	0.0	0.0	0.0	0.0	0.0	0.0	0.0	0.0	0.020310104062	0.0	0.0	0.0	0.0	0.0
k__Bacteria;p__Actinobacteria;c__Actinobacteria;o__Actinomycetales;f__Nocardiaceae	0.0	0.0	0.0	0.0	0.0	0.0	0.0	0.0	0.0	0.0	0.0	0.0	0.0	0.0433664956634	0.0	0.0	0.0	0.0	0.0	0.0	0.0	0.0	0.0	0.0	0.0	0.0	0.0	0.0	0.0	0.0148651985135	0.0	0.0	0.0	0.0	0.0	0.0	0.0	0.0	0.0	0.0	0.00013750001375
k__Bacteria;p__Actinobacteria;c__Actinobacteria;o__Actinomycetales;f__Nocardioidaceae	0.0	0.0	0.0	0.0069952034976	0.0	0.0	0.0176466017647	0.0	0.0	0.0	0.0	0.00516620051662	0.0	0.0032569996743	0.0051819984454	0.00935539906446	0.0	0.0	0.0	0.0226429022643	0.0558456944154	0.0	0.0185189981481	0.0	0.0	0.0174218017422	0.0125804025161	0.0136112	0.0	0.0	0.0121715987828	0.0	0.00529440052944	0.0	0.0	0.0	0.0	0.0	0.0563255	0.0	0.00263630026363
k__Bacteria;p__Actinobacteria;c__Actinobacteria;o__Actinomycetales;f__Propionibacteriaceae	0.306551330655	0.0842788831442	0.1481727	0.217209608605	0.4477096	0.0341498	0.197953819795	0.23190347681	0.0138556013856	0.452915654708	0.190593380941	0.0110861011086	0.0967260903274	0.0225316977468	0.257939522618	0.304431269557	0.157024784298	0.0983312098331	0.0231250976875	0.215980321598	0.203015379698	1.0	0.142347385765	0.0471494	0.414246741425	0.0801471080147	0.0512726102545	0.1371419	0.0125308974938	0.0838468916153	0.0703049929695	0.396642639664	0.154805115481	0.263812626381	0.0887432	0.036919907384	0.0	0.0615508	0.3317292	0.106285457486	0.0922239092224
k__Bacteria;p__Actinobacteria;c__Actinobacteria;o__Actinomycetales;f__Pseudonocardiaceae	0.0	0.0	0.0	0.0128810064405	0.0	0.0	0.0	0.0	0.0	0.0	0.0	0.0	0.0	0.0	0.0	0.0	0.0	0.0	0.0	0.0	0.0	0.0	0.0	0.0	0.0	0.0	0.0	0.0	0.0	0.0	0.0	0.0	0.00275420027542	0.0	0.0	0.0	0.0	0.0	0.0	0.0	0.0
k__Bacteria;p__Actinobacteria;c__Actinobacteria;o__Actinomycetales;f__Tsukamurellaceae	0.0	0.0	0.0	0.0	0.0	0.0	0.0	0.0	0.0	0.0	0.0	0.0	0.0	0.0	0.0	0.0	0.0	0.0	0.0	0.0	0.0	0.0	0.0	0.0	0.0	0.0	0.0	0.0	0.0	0.0148249985175	0.0	0.0	0.0	0.0	0.0	0.0	0.0	0.0	0.0	0.0	0.00122110012211
k__Bacteria;p__Actinobacteria;c__Actinobacteria;o__Bifidobacteriales;f__Bifidobacteriaceae	0.0	0.00695839860832	0.0	0.002742001371	0.0	0.0062715	0.0216977021698	0.0	0.00634190063419	0.0264093973591	0.0	0.0	0.0038259996174	0.00050959994904	0.0	0.0	0.0	0.0	0.0	0.00170130017013	0.0	0.0	0.0190105980989	0.0	0.0720192072019	0.00417210041721	0.0	0.0	0.0	0.0	0.00398849960115	0.00746530074653	0.00880180088018	0.0324659032466	0.0	0.0	0.0	0.0	0.0	0.0	0.00261780026178
k__Bacteria;p__Actinobacteria;c__Actinobacteria;o__Coriobacteriales;f__Coriobacteriaceae	0.0	0.0	0.0	0.0	0.0	0.0	0.00095730009573	0.0	0.0	0.0	0.0	0.0	0.0	0.0	0.0	0.0	0.0	0.0	0.0	0.0	0.00377679962232	0.0	0.0	0.0	0.00152370015237	0.0	0.0	0.0	0.0	0.0	0.0	0.0	0.00060910006091	0.0	0.0	0.00306020061204	0.0	0.0	0.0	0.0	0.00026170002617
k__Bacteria;p__Actinobacteria;c__Actinobacteria;o__Solirubrobacterales;Other	0.0	0.0	0.0	0.00397230198615	0.0	0.0026937	0.0	0.0	0.0	0.0	0.0	0.0	0.0	0.00153619984638	0.0	0.0	0.0	0.0	0.0	0.0	0.00677259932274	0.0	0.0	0.0	0.0	0.0	0.0	0.0	0.0	0.0	0.0	0.0	0.0067490006749	0.0	0.0	0.0	0.0	0.0	0.0	0.0	0.00183510018351
k__Bacteria;p__Bacteroidetes;c__Bacteroidia;o__Bacteroidales;f__Bacteroidaceae	0.0	0.0	0.0	0.0	0.0	0.0	0.0	0.0	0.0286856028686	0.0	0.0	0.0	0.0	0.0	0.0	0.0	0.0	0.0	0.0	0.0	0.0	0.0	0.0	0.0	0.0	0.0	0.0	0.0	0.0	0.0	0.0	0.0	0.0	0.0	0.0	0.0274374054875	0.0	0.0	0.0	0.0	0.0
k__Bacteria;p__Bacteroidetes;c__Bacteroidia;o__Bacteroidales;f__Porphyromonadaceae	0.0	0.0	0.0	0.0045638022819	0.0	0.0	0.0	0.0	0.0	0.0	0.0	0.0	0.0	0.0	0.0	0.0	0.0	0.0	0.0	0.0	0.0	0.0	0.0	0.0	0.0	0.0	0.0	0.0	0.0	0.0	0.0	0.0	0.0	0.0	0.0	0.139587427917	0.0	0.0	0.0	0.0	0.00420460042046
k__Bacteria;p__Bacteroidetes;c__Bacteroidia;o__Bacteroidales;f__Prevotellaceae	0.0	0.0	0.0	0.0	0.0	0.0	0.0	0.0	0.0	0.0	0.0	0.0	0.0	0.0	0.0	0.0	0.0	0.0	0.0	0.0	0.0	0.0	0.0	0.0	0.0	0.0	0.0	0.0	0.0	0.0	0.0	0.0	0.00165350016535	0.0	0.0	0.0	0.0	0.0	0.0	0.0	0.00865130086513
k__Bacteria;p__Bacteroidetes;c__Bacteroidia;o__Bacteroidales;f__Rikenellaceae	0.0	0.0	0.0	0.0	0.0	0.0	0.0	0.0	0.0	0.0	0.0	0.0	0.0	0.0	0.0	0.0	0.0	0.0	0.0	0.0	0.0	0.0	0.0	0.0	0.0	0.0	0.0	0.0	0.0	0.0	0.0	0.0	0.0	0.0	0.0	0.0167185033437	0.0	0.0	0.0	0.0	0.0
k__Bacteria;p__Bacteroidetes;c__Cytophagia;o__Cytophagales;f__Cytophagaceae	0.0	0.00583839883232	0.0195561	0.0191213095607	0.0	0.0308676	0.0113322011332	0.0	0.0198088019809	0.0	0.0637470936253	0.0514068051407	0.0474222952578	0.0	0.0230928930721	0.0439449956055	0.0	0.0	0.0154329984567	0.0322660032266	0.0721062927894	0.0	0.0260730973927	0.0	0.00403760040376	0.0482008048201	0.0423747084749	0.008449	0.0	0.00088819991118	0.0223249977675	0.011209501121	0.0182891018289	0.0227180022718	0.0051024	0.00042260008452	0.0	0.0462786	0.0	0.0331593867362	0.00753570075357
k__Bacteria;p__Bacteroidetes;c__Flavobacteriia;o__Flavobacteriales;f__Blattabacteriaceae	0.0	0.0	0.0	0.0	0.0	0.0	0.0	0.0	0.117772611777	0.0	0.0	0.0	0.0	0.0	0.0	0.0	0.0	0.0	0.0	0.0	0.0	0.0	0.0	0.0	0.0	0.0	0.0	0.0	0.0	0.0	0.0	0.0	0.0	0.0	0.0	0.0	0.0	0.0	0.0	0.0	0.0
k__Bacteria;p__Bacteroidetes;c__Flavobacteriia;o__Flavobacteriales;f__Flavobacteriaceae	0.0	0.0	0.0	0.0	0.0	0.0	0.0	0.0	0.0	0.0	0.0364514963549	0.0	0.0	0.0	0.0	0.0	0.0	0.0	0.0	0.0	0.0	0.0	0.0	0.0	0.0	0.0	0.0	0.0	0.0	0.00447869955213	0.0	0.0	0.00436390043639	0.0	0.0	0.0	0.0	0.0	0.0	0.0	0.00048920004892
k__Bacteria;p__Bacteroidetes;c__Flavobacteriia;o__Flavobacteriales;f__Flavobacteriales_noname	0.0	0.0	0.0	0.0	0.0	0.0	0.0	0.0	0.0	0.0	0.0	0.0	0.0	0.0	0.0	0.0	0.0	0.0	0.0	0.0	0.0	0.0	0.0	0.0	0.0	0.0	0.0	0.0	0.0	0.0	0.0	0.0	0.0	0.0	0.0	0.0	0.0	0.0004267	0.0	0.0	0.0
k__Bacteria;p__Bacteroidetes;c__Sphingobacteriia;o__Sphingobacteriales;f__Sphingobacteriaceae	0.205805020581	0.110842377832	0.0511459	0.0112464056232	0.0	0.2159326	0.00787490078749	0.0	0.0835431083543	0.0	0.0	0.190507119051	0.206572179343	0.00658049934195	0.122186063344	0.11530398847	0.0	0.0	0.0946287905371	0.0315316031532	0.0	0.0	0.0294810970519	0.0	0.0	0.188519318852	0.175674235135	0.0	0.0	0.0125034987497	0.0763947923605	0.0	0.0365170036517	0.175443817544	0.3190062	0.0	0.3539302	0.3224688	0.0	0.230302507879	0.0339929033993
k__Bacteria;p__Cyanobacteria;c__Cyanobacteria_noname;o__Nostocales;f__Rivulariaceae	0.0	0.0	0.0	0.0	0.0	0.0	0.0	0.0	0.0	0.0	0.0	0.0	0.0	0.0	0.0	0.0	0.0	0.0	0.0	0.0	0.00531089946891	0.0	0.0	0.0	0.0	0.0	0.0	0.0	0.0	0.0	0.0	0.0	0.0	0.0	0.0	0.0	0.0	0.0	0.0	0.0	0.0
k__Bacteria;p__Cyanobacteria;c__Cyanobacteria_noname;o__Oscillatoriales;f__Oscillatoriales_noname	0.0	0.019544796091	0.0	0.0050372025186	0.0741313	0.0132064	0.0	0.0	0.0	0.0	0.0	0.0	0.0	0.0	0.0	0.0	0.0	0.0	0.0	0.0488207048821	0.0171892982811	0.0	0.0	0.0	0.00768670076867	0.0	0.0	0.0224339	0.0	0.00972229902777	0.0130432986957	0.0	0.0	0.0	0.0	0.0	0.0	0.0	0.0	0.0	0.0
k__Bacteria;p__Deinococcus_Thermus;c__Deinococci;o__Deinococcales;Other	0.0	0.0	0.0	0.0	0.0	0.0	0.0	0.0	0.0	0.0	0.0	0.0	0.0	0.0	0.0	0.0	0.0	0.0	0.0	0.0	0.0279723972028	0.0	0.0	0.0	0.0	0.0	0.0	0.0	0.0	0.0	0.0	0.0	0.0126740012674	0.0	0.0	0.0	0.0	0.0	0.0	0.0261041895583	0.0
k__Bacteria;p__Deinococcus_Thermus;c__Deinococci;o__Deinococcales;f__Deinococcaceae	0.0	0.0236273952745	0.0	0.0304471152236	0.0	0.015965	0.0138740013874	0.130027386997	0.00776880077688	0.0	0.0241451975855	0.0134917013492	0.0453338954666	0.00421109957889	0.0	0.0975390902461	0.0	0.0	0.0304618969538	0.0196729019673	0.083119891688	0.0	0.0319254968075	0.0361157	0.00929230092923	0.043869804387	0.0468178093636	0.0406801	0.0	0.00587659941234	0.0157678984232	0.0276616027662	0.0133536013354	0.0186990018699	0.0	0.0	0.0	0.0086278	0.0371999	0.0	0.00397770039777
k__Bacteria;p__Firmicutes;c__Bacilli;o__Bacillales;f__Bacillaceae	0.0	0.0	0.0	0.0	0.0	0.0165465	0.0	0.0	0.0	0.0	0.0	0.0	0.0	0.0	0.0	0.0	0.0	0.0	0.0	0.0	0.0	0.0	0.0	0.0	0.0	0.0	0.0	0.006204	0.00281709943658	0.0	0.00719709928029	0.0	0.0	0.0	0.0	0.0	0.0	0.0	0.0	0.0	0.0
k__Bacteria;p__Firmicutes;c__Bacilli;o__Bacillales;f__Planococcaceae	0.0	0.0	0.0	0.0	0.0	0.0	0.0	0.0	0.0	0.0	0.0	0.0	0.0	0.0	0.0	0.0	0.0	0.0	0.0	0.0	0.0	0.0	0.0	0.0	0.0	0.0	0.0	0.0	0.0030969993806	0.0	0.0	0.0	0.0	0.0	0.0	0.0	0.0	0.0	0.0	0.0	0.0
k__Bacteria;p__Firmicutes;c__Bacilli;o__Bacillales;f__Staphylococcaceae	0.0880271088027	0.0	0.0	0.0640188320094	0.2502564	0.0	0.104884610488	0.0	0.0	0.0806849919315	0.0347016965298	0.0	0.00251329974867	0.0	0.155346253396	0.0	0.0	0.0	0.0	0.0	0.0270317972968	0.0	0.024720497528	0.0	0.135279013528	0.0200424020042	0.0	0.0005084	0.0	0.0861660913834	0.0	0.113156811316	0.168415016842	0.138791913879	0.0	0.0232784046557	0.0	0.0	0.0498854	0.00361179855528	0.0750485075049
k__Bacteria;p__Firmicutes;c__Bacilli;o__Lactobacillales;f__Aerococcaceae	0.0	0.0	0.0	0.0	0.0	0.0	0.0	0.0	0.0	0.0	0.0	0.0	0.0	0.0	0.0	0.0	0.0	0.0	0.0	0.0	0.0	0.0	0.0	0.0	0.0	0.0	0.0	0.0	0.0	0.0	0.0	0.0	0.00143240014324	0.0	0.0	0.0	0.0	0.0	0.0	0.0	0.00087680008768
k__Bacteria;p__Firmicutes;c__Bacilli;o__Lactobacillales;f__Carnobacteriaceae	0.0	0.0	0.0	0.0	0.0	0.0	0.0	0.0	0.0	0.0	0.0	0.0	0.0	0.0	0.0	0.0326437967356	0.0	0.0	0.0	0.0	0.0	0.0	0.0	0.0	0.00102770010277	0.0	0.0	0.0	0.0	0.0	0.0	0.0	0.0	0.0	0.0	0.0418442083688	0.0	0.0	0.0	0.0	0.0001310000131
k__Bacteria;p__Firmicutes;c__Bacilli;o__Lactobacillales;f__Enterococcaceae	0.0	0.0	0.0	0.0	0.0	0.0	0.0	0.0	0.0403214040321	0.0	0.0	0.0	0.0	0.0	0.0317272904818	0.0	0.0	0.0	0.0	0.0	0.0	0.0	0.0	0.0	0.0	0.0	0.0	0.0	0.0268971946206	0.0	0.0	0.0	0.0	0.0	0.0548027	0.0	0.0	0.0	0.0	0.0	0.00297560029756
k__Bacteria;p__Firmicutes;c__Bacilli;o__Lactobacillales;f__Lactobacillaceae	0.0171429017143	0.0	0.0	0.0003630001815	0.0	0.0	0.0314462031446	0.0	0.0	0.107161389284	0.0200786979921	0.0	0.0	0.0	0.0	0.0	0.0	0.0	0.0	0.0	0.0102812989719	0.0	0.0140023985998	0.0	0.150000715	0.00804740080474	0.0	0.0	0.0	0.0205612979439	0.0	0.00937920093792	0.0101764010176	0.135729513573	0.0	0.618225423645	0.1451062	0.0	0.0	0.00184179926328	0.00709160070916
k__Bacteria;p__Firmicutes;c__Bacilli;o__Lactobacillales;f__Streptococcaceae	0.0	0.230611753878	0.0	0.0048554024277	0.0	0.0	0.0014090001409	0.0	0.00091030009103	0.0	0.0	0.0	0.0	0.0	0.0	0.0	0.0	0.0	0.0	0.0	0.0	0.0	0.0	0.0	0.0326273032627	0.00199290019929	0.0	0.157953	0.0	0.0	0.0	0.00161950016195	0.0122534012253	0.0245905024591	0.0	0.00113770022754	0.0	0.0140842	0.0	0.00586469765412	0.00227530022753
k__Bacteria;p__Firmicutes;c__Clostridia;o__Clostridiales;f__Clostridiales_Family_XIII_Incertae_Sedis	0.0	0.0	0.0	0.0	0.0	0.0	0.0	0.0	0.0	0.0	0.0	0.0	0.0	0.0	0.0	0.0	0.0	0.0	0.0	0.0	0.0	0.0	0.0	0.0	0.0	0.0	0.0	0.0	0.0	0.0	0.0	0.0	0.0	0.0	0.0	0.0	0.0	0.0	0.0	0.0	0.00121930012193
k__Bacteria;p__Firmicutes;c__Clostridia;o__Clostridiales;f__Clostridiales_Family_XI_Incertae_Sedis	0.0	0.0	0.0	0.001390000695	0.0	0.0	0.00624650062465	0.0	0.0	0.0070509992949	0.0	0.0	0.0	0.0	0.0	0.0	0.0	0.0	0.0	0.0	0.0	0.0	0.0	0.0	0.0486230048623	0.00256720025672	0.0	0.0010286	0.0	0.00792029920797	0.0	0.0	0.00393530039353	0.0125662012566	0.0	0.0	0.0	0.0	0.0	0.0	0.0719665071967
k__Bacteria;p__Firmicutes;c__Clostridia;o__Clostridiales;f__Eubacteriaceae	0.0	0.0	0.0	0.0	0.0	0.0	0.0	0.0	0.00040530004053	0.0	0.0	0.0	0.0	0.0	0.0	0.0	0.0	0.0	0.0	0.0	0.0134413986559	0.0	0.0	0.0	0.00188630018863	0.0	0.0	0.0	0.0	0.0	0.00040249995975	0.0	0.00330020033002	0.0	0.0	0.0	0.0	0.0	0.0	0.0	0.00294890029489
k__Bacteria;p__Firmicutes;c__Clostridia;o__Clostridiales;f__Lachnospiraceae	0.0	0.0	0.0	0.0	0.0	0.0	0.0	0.0	0.0	0.0	0.0	0.0	0.0	0.0	0.0	0.0	0.0	0.0	0.0	0.0	0.0	0.0	0.0	0.0	0.0	0.0	0.0	0.0	0.0	0.0	0.0	0.0	0.0	0.0	0.0	0.0176008035202	0.0	0.0	0.0	0.0	0.00183320018332
k__Bacteria;p__Firmicutes;c__Clostridia;o__Clostridiales;f__Ruminococcaceae	0.0	0.0	0.0	0.0	0.0	0.0	0.0	0.0	0.0161189016119	0.0	0.0	0.0	0.00742749925725	0.0	0.0	0.0	0.0	0.0	0.0	0.0	0.0	0.0	0.0	0.0	0.0	0.0	0.0	0.0	0.0	0.0	0.0	0.0	0.00398740039874	0.0	0.0	0.0042155008431	0.0	0.0	0.0	0.0	0.00326130032613
k__Bacteria;p__Firmicutes;c__Negativicutes;o__Selenomonadales;f__Veillonellaceae	0.0	0.00341429931714	0.0	0.0	0.0	0.0	0.0	0.0	0.0	0.0	0.0	0.0	0.0	0.0	0.0	0.0	0.0	0.0	0.0	0.0	0.0	0.0	0.0	0.0	0.007160000716	0.0	0.0	0.0	0.0	0.0	0.0	0.0	0.00110750011075	0.00177380017738	0.0	0.0	0.0	0.0	0.0	0.0	0.00029980002998
k__Bacteria;p__Proteobacteria;c__Alphaproteobacteria;o__Caulobacterales;f__Caulobacteraceae	0.0	0.0229544954091	0.0	0.0123009061505	0.0	0.0228735	0.0	0.0	0.0120592012059	0.0	0.0161188983881	0.0324151032415	0.0	0.0111930988807	0.0149822955053	0.0	0.0	0.0	0.0187980981202	0.031929503193	0.0633258936674	0.0	0.0277551972245	0.0	0.0	0.0218848021885	0.0355789071158	0.0106251	0.0	0.0	0.0151235984876	0.00666940066694	0.0105543010554	0.0	0.0	0.00280860056172	0.0	0.017735	0.0	0.0196143921542	0.0135953013595
k__Bacteria;p__Proteobacteria;c__Alphaproteobacteria;o__Rhizobiales;f__Bradyrhizobiaceae	0.0	0.0	0.0	0.0	0.0	0.0	0.0	0.0	0.0	0.0	0.0	0.0	0.0	0.00042469995753	0.0	0.0	0.0	0.0	0.0	0.0	0.0	0.0	0.0	0.0	0.0	0.0	0.0	0.0	0.0	0.0	0.0	0.0	0.0	0.0	0.0	0.0	0.0	0.0	0.0	0.0	0.00274640027464
k__Bacteria;p__Proteobacteria;c__Alphaproteobacteria;o__Rhizobiales;f__Hyphomicrobiaceae	0.0	0.0	0.0	0.0	0.0	0.0	0.0	0.0	0.0	0.0	0.0	0.0	0.0	0.0	0.0	0.0	0.0	0.0	0.0	0.0	0.0	0.0	0.0	0.0	0.0	0.0	0.020489804098	0.0237382	0.00614989877002	0.0	0.0	0.0	0.0	0.0	0.0	0.0	0.0	0.0	0.0	0.0135963945614	0.00139270013927
k__Bacteria;p__Proteobacteria;c__Alphaproteobacteria;o__Rhizobiales;f__Methylobacteriaceae	0.0	0.0	0.0	0.0	0.0	0.0	0.0	0.0	0.0	0.0	0.0	0.0	0.0	0.00119529988047	0.0	0.0	0.0	0.0	0.0	0.0	0.0	0.0	0.0	0.0	0.0	0.0	0.0	0.0	0.0	0.0	0.0	0.0	0.0	0.0	0.0	0.0	0.0	0.0	0.0	0.0	0.00730810073081
k__Bacteria;p__Proteobacteria;c__Alphaproteobacteria;o__Rhizobiales;f__Rhizobiaceae	0.0	0.0	0.0	0.0	0.0	0.0	0.0	0.0	0.0	0.0	0.0	0.0	0.0	0.0	0.0	0.0	0.0	0.0	0.0	0.0	0.0	0.0	0.0	0.0	0.0	0.0	0.0	0.0	0.0	0.0	0.0	0.0	0.0	0.0	0.0	0.0	0.0	0.0	0.0	0.0	0.00093630009363
k__Bacteria;p__Proteobacteria;c__Alphaproteobacteria;o__Rhizobiales;f__Rhodobiaceae	0.0	0.0	0.0	0.0	0.0	0.0	0.0	0.0	0.0	0.0	0.0	0.0	0.0	0.0	0.0	0.0	0.0	0.0	0.0	0.0	0.0	0.0	0.0	0.0	0.0	0.0	0.0	0.0	0.0	0.0	0.0	0.028809702881	0.0	0.0	0.0	0.0	0.0	0.0	0.0	0.0	0.0
k__Bacteria;p__Proteobacteria;c__Alphaproteobacteria;o__Rhodobacterales;f__Rhodobacteraceae	0.0	0.0	0.0	0.0030726015363	0.0	0.0	0.00463720046372	0.0	0.0	0.0	0.0	0.0	0.0	0.0369163963084	0.0	0.0	0.0	0.0	0.0	0.0	0.0	0.0	0.0	0.0	0.0	0.0	0.00283570056714	0.0	0.0	0.0	0.0	0.0	0.00741520074152	0.0	0.0	0.0	0.0	0.0	0.0	0.0	0.00819470081947
k__Bacteria;p__Proteobacteria;c__Alphaproteobacteria;o__Rhodospirillales;f__Acetobacteraceae	0.0	0.0	0.0	0.0	0.0	0.0	0.0	0.0	0.0	0.0	0.0	0.0	0.013280198672	0.00340729965927	0.0	0.0	0.0	0.0	0.0	0.0	0.0	0.0	0.0	0.0	0.0	0.00447260044726	0.0	0.0027414	0.0	0.0	0.00323749967625	0.0	0.00264720026472	0.0	0.0	0.0	0.0	0.0	0.0	0.0	0.0585775058578
k__Bacteria;p__Proteobacteria;c__Alphaproteobacteria;o__Rickettsiales;f__Anaplasmataceae	0.0486553048655	0.0	0.0	0.0094232047116	0.0	0.0	0.0	0.23790027621	0.0480044048004	0.0116571988343	0.0	0.0168592016859	0.0	0.0	0.0	0.0	0.164268783573	0.147623314762	0.0	0.0	0.0	0.0	0.0	0.0	0.0	0.0	0.0	0.0	0.00358609928278	0.0	0.0	0.0	0.0	0.0176553017655	0.0	0.0	0.0263453	0.0	0.0	0.0207005917198	0.00889320088932
k__Bacteria;p__Proteobacteria;c__Alphaproteobacteria;o__Rickettsiales;f__Rickettsiaceae	0.0	0.00704319859136	0.0	0.0	0.0	0.0	0.0	0.0548607945139	0.0558108055811	0.0	0.090970390903	0.0	0.0	0.00575729942427	0.0	0.0	0.655231434477	0.0	0.00170149982985	0.0	0.0	0.0	0.00621859937814	0.0	0.0	0.0	0.0	0.0194346	0.0243917951216	0.0708826929117	0.0	0.0	0.0	0.0360230036023	0.0	0.0	0.0	0.0	0.0	0.0	0.0287014028701
k__Bacteria;p__Proteobacteria;c__Alphaproteobacteria;o__Sphingomonadales;f__Sphingomonadaceae	0.0	0.0	0.0	0.0	0.0	0.0123675	0.0	0.0	0.0	0.0	0.0	0.0	0.00586419941358	0.0	0.0	0.0	0.0	0.0	0.0	0.0	0.0	0.0	0.0	0.0	0.0	0.0	0.0	0.0	0.0	0.0	0.0	0.0	0.00039870003987	0.0	0.0	0.0	0.0	0.0	0.0	0.0	0.00778420077842
k__Bacteria;p__Proteobacteria;c__Betaproteobacteria;o__Burkholderiales;f__Burkholderiaceae	0.0	0.0	0.0	0.0	0.0	0.0	0.0	0.0	0.0	0.0	0.0	0.0	0.0	0.0	0.0	0.0	0.0	0.0	0.0	0.0	0.0	0.0	0.0	0.0	0.0	0.0301536030154	0.0	0.0	0.0	0.0	0.0	0.0	0.0	0.0	0.0	0.0	0.0	0.0	0.0	0.0	0.00437440043744
k__Bacteria;p__Proteobacteria;c__Betaproteobacteria;o__Burkholderiales;f__Burkholderiales_noname	0.0	0.0	0.0	0.0	0.0	0.0	0.0	0.0	0.0	0.0	0.0	0.0	0.0	0.0	0.0	0.0526007947399	0.0	0.0	0.0	0.0	0.0	0.0	0.0	0.0	0.0	0.0	0.0	0.0	0.0	0.0	0.0	0.0	0.0	0.0	0.0	0.0	0.0	0.0	0.0	0.0	0.0
k__Bacteria;p__Proteobacteria;c__Betaproteobacteria;o__Burkholderiales;f__Comamonadaceae	0.0245354024535	0.0	0.0044741	0.01408000704	0.0	0.0109873	0.0	0.0	0.001280000128	0.0	0.0113133988687	0.0149764014976	0.00548619945138	0.00072189992781	0.0	0.0152679984732	0.0	0.0	0.0	0.0156452015645	0.0359569964043	0.0	0.0	0.0	0.0	0.0	0.0	0.0269595	0.0	0.0	0.0139535986046	0.0	0.0030540003054	0.0	0.0	0.0	0.0	0.0040868	0.0	0.00858839656464	0.00737790073779
k__Bacteria;p__Proteobacteria;c__Betaproteobacteria;o__Burkholderiales;f__Oxalobacteraceae	0.0	0.0	0.024275	0.0107095053548	0.0	0.1213976	0.0141367014137	0.0240194975981	0.0296816029682	0.0	0.0372427962757	0.0704161070416	0.18270368173	0.157806984219	0.0445791866262	0.0505146949485	0.0	0.0	0.0246140975386	0.0295030029503	0.0112167988783	0.0	0.0535362946464	0.0	0.0	0.0444332044433	0.0531139106228	0.0823508	0.0204779959044	0.0267622973238	0.139213786079	0.0174186017419	0.0336115033612	0.00852230085223	0.039132	0.0007625001525	0.0278819	0.1008048	0.0	0.061422575431	0.0264090026409
k__Bacteria;p__Proteobacteria;c__Betaproteobacteria;o__Methylophilales;f__Methylophilaceae	0.0	0.0	0.0	0.0	0.0	0.0	0.0	0.0	0.0	0.0	0.0	0.0	0.0	0.0	0.0	0.0	0.0	0.0	0.0	0.0	0.0	0.0	0.0	0.0	0.0	0.0	0.0	0.0	0.0	0.0	0.00448309955169	0.0	0.0	0.0	0.0	0.0	0.0	0.0	0.0	0.0	0.0
k__Bacteria;p__Proteobacteria;c__Gammaproteobacteria;o__Enterobacteriales;f__Enterobacteriaceae	0.115313611531	0.15315126937	0.0	0.103232651616	0.0	0.0	0.0	0.0494718950528	0.232432323243	0.0134553986545	0.0	0.0938722093872	0.0	0.0	0.0226522932043	0.068780393122	0.0	0.170706917071	0.341836865816	0.0900058090006	0.0	0.0	0.135867986413	0.0	0.0	0.0	0.124208124842	0.0	0.866432026714	0.267051873295	0.0133312986669	0.0	0.0111519011152	0.0624635062464	0.0	0.0052530010506	0.1569775	0.0150377	0.0621326	0.0244671902131	0.0303780030378
k__Bacteria;p__Proteobacteria;c__Gammaproteobacteria;o__Pseudomonadales;f__Moraxellaceae	0.0	0.0	0.0	0.00885610442805	0.0	0.0916712	0.0350309035031	0.0	0.0	0.0256891974311	0.0247541975246	0.0	0.0107452989255	0.363710763629	0.0131980960406	0.0	0.0	0.444126144413	0.0	0.0521822052182	0.0	0.0	0.0	0.0	0.0	0.0180509018051	0.00963090192618	0.2553219	0.0	0.00496849950315	0.0808571919143	0.0406871040687	0.0857737085774	0.0181431018143	0.0	0.0	0.0	0.0	0.0	0.00094289962284	0.249730324973
k__Bacteria;p__Proteobacteria;c__Gammaproteobacteria;o__Pseudomonadales;f__Pseudomonadaceae	0.192153219215	0.220735955853	0.0	0.170669085335	0.0	0.1242926	0.0144018014402	0.202460679754	0.145157714516	0.0	0.225573177443	0.336118733612	0.0705876929412	0.0524558947544	0.0811087756674	0.0	0.0	0.115751711575	0.0948619905138	0.245055524506	0.0647113935289	0.0	0.049709895029	0.6748119	0.0289374028937	0.0683080068308	0.0728982145796	0.1689105	0.0200819959836	0.366008063399	0.245515775448	0.0430707043071	0.0207924020792	0.0	0.3099047	0.0128930025786	0.2819324	0.2686814	0.3475348	0.120931851627	0.056979905698
k__Bacteria;p__Proteobacteria;c__Gammaproteobacteria;o__Xanthomonadales;f__Sinobacteraceae	0.0	0.0	0.0	0.0	0.0	0.0	0.0	0.0	0.0	0.0	0.0	0.0	0.0	0.0	0.0	0.0	0.0	0.0	0.0	0.0	0.0	0.0	0.0	0.0	0.0	0.0	0.0	0.0	0.0	0.0	0.0	0.0	0.0	0.0	0.0	0.0	0.0	0.0	0.0501589	0.0	0.0
k__Bacteria;p__Proteobacteria;c__Gammaproteobacteria;o__Xanthomonadales;f__Xanthomonadaceae	0.0	0.0	0.0	0.0	0.0	0.0	0.0	0.0	0.0	0.0	0.0	0.0	0.00182659981734	0.0	0.0	0.0	0.0	0.0	0.0	0.0	0.0	0.0	0.0	0.0	0.0	0.00167610016761	0.0	0.0067198	0.0	0.0	0.00342019965798	0.0	0.0	0.0	0.0	0.0	0.0	0.0012357	0.0	0.0	0.00373070037307
k__Bacteria;p__Tenericutes;c__Mollicutes;o__Entomoplasmatales;f__Spiroplasmataceae	0.0	0.0	0.0	0.0	0.0	0.0	0.0	0.0	0.0	0.0	0.0	0.0	0.0	0.0	0.0	0.0	0.0	0.0	0.0	0.0	0.0	0.0	0.0	0.0	0.0	0.0	0.0	0.0	0.0	0.0	0.0	0.0	0.0	0.0	0.0	0.0	0.0	0.0	0.0	0.0	0.00065470006547
k__Eukaryota;p__Ascomycota;c__Eurotiomycetes;o__Eurotiales;f__Aspergillaceae	0.0	0.0	0.0	0.0	0.0	0.0	0.0	0.0	0.0	0.0	0.0	0.0	0.0	0.0	0.0	0.0	0.0	0.0	0.0	0.0	0.0	0.0	0.0	0.0	0.0	0.0	0.0	0.0	0.0	0.0	0.0	0.0	0.0	0.0	0.0	0.0	0.0	0.0	0.0	0.0	0.0007960000796
k__Viruses;p__Viruses_noname;c__Viruses_noname;o__Caudovirales;f__Myoviridae	0.0	0.0	0.0	0.0	0.0	0.0	0.0	0.0	0.0	0.0	0.0	0.0	0.0	0.0	0.0	0.0	0.0	0.0	0.211716578828	0.0	0.0	0.0	0.0	0.0	0.0	0.0	0.0	0.0	0.0	0.0	0.0	0.0	0.0	0.0	0.0	0.0	0.0	0.0	0.0	0.0	0.0
k__Viruses;p__Viruses_noname;c__Viruses_noname;o__Caudovirales;f__Podoviridae	0.0	0.0	0.0	0.210595905298	0.0	0.0	0.0	0.0	0.0	0.0	0.0	0.0	0.0	0.0	0.0	0.0	0.0	0.0	0.0	0.0	0.0	0.0	0.0	0.0	0.0	0.0	0.0	0.0	0.0	0.0	0.0	0.0	0.0	0.0	0.0	0.0	0.0	0.0	0.0	0.0	0.0
k__Viruses;p__Viruses_noname;c__Viruses_noname;o__Caudovirales;f__Siphoviridae	0.0	0.0	0.304792	0.0	0.0	0.0049444	0.129853812985	0.0	0.0	0.0	0.0	0.0	0.003509999649	0.0415967958403	0.0	0.0	0.0	0.0	0.0	0.0182783018278	0.0128712987129	0.0	0.0	0.0	0.0201451020145	0.0337633033763	0.00724980144996	0.0020998	0.0	0.0	0.0	0.0	0.00592340059234	0.00579120057912	0.0	0.0	0.0	0.0106883	0.0	0.00481069807572	0.00070580007058
k__Viruses;p__Viruses_noname;c__Viruses_noname;o__Viruses_noname;f__Inoviridae	0.0	0.0	0.0	0.0	0.0	0.0	0.0	0.0	0.0	0.0	0.0	0.0	0.0	0.0	0.0	0.0	0.0	0.0	0.0	0.0	0.0390383960962	0.0	0.0	0.0	0.0	0.0	0.0	0.0	0.0	0.0	0.0	0.0	0.0	0.0	0.0	0.0	0.0	0.0	0.0	0.0	0.0
k__Viruses;p__Viruses_noname;c__Viruses_noname;o__Viruses_noname;f__Papillomaviridae	0.0	0.0	0.0	0.0	0.0	0.0	0.0	0.0	0.0	0.0	0.0	0.0	0.0	0.0	0.0	0.0	0.0	0.0	0.0	0.0	0.0	0.0	0.0	0.0	0.0	0.0	0.0	0.0	0.0	0.0	0.0	0.0	0.0216768021677	0.0	0.0	0.0	0.0	0.0	0.0	0.0	0.0141920014192
k__Viruses;p__Viruses_noname;c__Viruses_noname;o__Viruses_noname;f__Retroviridae	0.0	0.0	0.0	0.0	0.0	0.0	0.0	0.0	0.0	0.0	0.0	0.0	0.0	0.0	0.0	0.0542076945792	0.0	0.0	0.0	0.0	0.0	0.0	0.0	0.0	0.00753910075391	0.0	0.0	0.0	0.0	0.0	0.0	0.0	0.0	0.0	0.0	0.0	0.0	0.0	0.0	0.0	0.0
