Taxon	AAGAGGCA.AGAGGATA_S83	AAGAGGCA.ATAGAGAG_S82	AAGAGGCA.CTCCTTAC_S85	AGGCAGAA.AGAGGATA_S19	AGGCAGAA.ATAGAGAG_S18	AGGCAGAA.CTCCTTAC_S21	AGGCAGAA.TACTCCTT_S23	AGGCAGAA.TATGCAGT_S22	CGAGGCTG.ATAGAGAG_S74	CGAGGCTG.CTCCTTAC_S77	CGTACTAG.AGAGGATA_S11	CGTACTAG.ATAGAGAG_S10	CGTACTAG.CTCCTTAC_S13	CGTACTAG.TACTCCTT_S15	CGTACTAG.TATGCAGT_S14	CTCTCTAC.AGAGGATA_S51	CTCTCTAC.ATAGAGAG_S50	CTCTCTAC.CTCCTTAC_S53	CTCTCTAC.TATGCAGT_S54	GGACTCCT.AGAGGATA_S35	GGACTCCT.CTCCTTAC_S37	GGACTCCT.TACTCCTT_S39	GGACTCCT.TATGCAGT_S38	GTAGAGGA.AGAGGATA_S91	GTAGAGGA.ATAGAGAG_S90	GTAGAGGA.CTCCTTAC_S93	GTAGAGGA.TATGCAGT_S94	TAAGGCGA.AGAGGATA_S3	TAAGGCGA.ATAGAGAG_S2	TAAGGCGA.CTCCTTAC_S5	TAAGGCGA.TACTCCTT_S7	TAAGGCGA.TATGCAGT_S6	TAGGCATG.AGAGGATA_S43	TAGGCATG.ATAGAGAG_S42	TAGGCATG.TATGCAGT_S46	TCCTGAGC.AGAGGATA_S27	TCCTGAGC.ATAGAGAG_S26	TCCTGAGC.CTCCTTAC_S29	TCCTGAGC.TACTCCTT_S31	TCCTGAGC.TATGCAGT_S30	Undetermined_S0
k__Bacteria;p__Acidobacteria;c__Acidobacteriia;o__Acidobacteriales	0.0	0.0217264956547	0.0	0.00559950279975	0.0	0.0073403	0.00425260042526	0.0	0.0567470056747	0.0	0.0666077933392	0.0124062012406	0.0	0.0	0.0119749964075	0.0	0.0	0.0	0.00804579919542	0.0	0.110911088909	0.0	0.0146783985322	0.0	0.0	0.0701767070177	0.0	0.0	0.0	0.0	0.0124443987556	0.0	0.0155715015572	0.0	0.0457547	0.0	0.0	0.0	0.0	0.0142835942866	0.00401390040139
k__Bacteria;p__Actinobacteria;c__Actinobacteria;o__Actinomycetales	0.308367430837	0.17355116529	0.5957569	0.303703151852	0.6756123	0.3026423	0.597964559796	0.301259469874	0.097150209715	0.727891427211	0.34829516517	0.167530416753	0.39290096071	0.311976168802	0.479151856254	0.46919655308	0.18049978195	0.121791912179	0.15790138421	0.383407938341	0.394965460503	1.0	0.567020443298	0.2890724	0.472214847221	0.389668838967	0.409127881826	0.1638414	0.0260688947862	0.116209588379	0.32930046707	0.692852569285	0.473810747381	0.288622928862	0.2262973	0.0847547169509	0.0078265	0.1898442	0.4530884	0.409757036097	0.229033722903
k__Bacteria;p__Actinobacteria;c__Actinobacteria;o__Bifidobacteriales	0.0	0.00695839860832	0.0	0.002742001371	0.0	0.0062715	0.0216977021698	0.0	0.00634190063419	0.0264093973591	0.0	0.0	0.0038259996174	0.00050959994904	0.0	0.0	0.0	0.0	0.0	0.00170130017013	0.0	0.0	0.0190105980989	0.0	0.0720192072019	0.00417210041721	0.0	0.0	0.0	0.0	0.00398849960115	0.00746530074653	0.00880180088018	0.0324659032466	0.0	0.0	0.0	0.0	0.0	0.0	0.00261780026178
k__Bacteria;p__Actinobacteria;c__Actinobacteria;o__Coriobacteriales	0.0	0.0	0.0	0.0	0.0	0.0	0.00095730009573	0.0	0.0	0.0	0.0	0.0	0.0	0.0	0.0	0.0	0.0	0.0	0.0	0.0	0.00377679962232	0.0	0.0	0.0	0.00152370015237	0.0	0.0	0.0	0.0	0.0	0.0	0.0	0.00060910006091	0.0	0.0	0.00306020061204	0.0	0.0	0.0	0.0	0.00026170002617
k__Bacteria;p__Actinobacteria;c__Actinobacteria;o__Solirubrobacterales	0.0	0.0	0.0	0.00397230198615	0.0	0.0026937	0.0	0.0	0.0	0.0	0.0	0.0	0.0	0.00153619984638	0.0	0.0	0.0	0.0	0.0	0.0	0.00677259932274	0.0	0.0	0.0	0.0	0.0	0.0	0.0	0.0	0.0	0.0	0.0	0.0067490006749	0.0	0.0	0.0	0.0	0.0	0.0	0.0	0.00183510018351
k__Bacteria;p__Bacteroidetes;c__Bacteroidia;o__Bacteroidales	0.0	0.0	0.0	0.0045638022819	0.0	0.0	0.0	0.0	0.0286856028686	0.0	0.0	0.0	0.0	0.0	0.0	0.0	0.0	0.0	0.0	0.0	0.0	0.0	0.0	0.0	0.0	0.0	0.0	0.0	0.0	0.0	0.0	0.0	0.00165350016535	0.0	0.0	0.183743336749	0.0	0.0	0.0	0.0	0.0128559012856
k__Bacteria;p__Bacteroidetes;c__Cytophagia;o__Cytophagales	0.0	0.00583839883232	0.0195561	0.0191213095607	0.0	0.0308676	0.0113322011332	0.0	0.0198088019809	0.0	0.0637470936253	0.0514068051407	0.0474222952578	0.0	0.0230928930721	0.0439449956055	0.0	0.0	0.0154329984567	0.0322660032266	0.0721062927894	0.0	0.0260730973927	0.0	0.00403760040376	0.0482008048201	0.0423747084749	0.008449	0.0	0.00088819991118	0.0223249977675	0.011209501121	0.0182891018289	0.0227180022718	0.0051024	0.00042260008452	0.0	0.0462786	0.0	0.0331593867362	0.00753570075357
k__Bacteria;p__Bacteroidetes;c__Flavobacteriia;o__Flavobacteriales	0.0	0.0	0.0	0.0	0.0	0.0	0.0	0.0	0.117772611777	0.0	0.0364514963549	0.0	0.0	0.0	0.0	0.0	0.0	0.0	0.0	0.0	0.0	0.0	0.0	0.0	0.0	0.0	0.0	0.0	0.0	0.00447869955213	0.0	0.0	0.00436390043639	0.0	0.0	0.0	0.0	0.0004267	0.0	0.0	0.00048920004892
k__Bacteria;p__Bacteroidetes;c__Sphingobacteriia;o__Sphingobacteriales	0.205805020581	0.110842377832	0.0511459	0.0112464056232	0.0	0.2159326	0.00787490078749	0.0	0.0835431083543	0.0	0.0	0.190507119051	0.206572179343	0.00658049934195	0.122186063344	0.11530398847	0.0	0.0	0.0946287905371	0.0315316031532	0.0	0.0	0.0294810970519	0.0	0.0	0.188519318852	0.175674235135	0.0	0.0	0.0125034987497	0.0763947923605	0.0	0.0365170036517	0.175443817544	0.3190062	0.0	0.3539302	0.3224688	0.0	0.230302507879	0.0339929033993
k__Bacteria;p__Cyanobacteria;c__Cyanobacteria_noname;o__Nostocales	0.0	0.0	0.0	0.0	0.0	0.0	0.0	0.0	0.0	0.0	0.0	0.0	0.0	0.0	0.0	0.0	0.0	0.0	0.0	0.0	0.00531089946891	0.0	0.0	0.0	0.0	0.0	0.0	0.0	0.0	0.0	0.0	0.0	0.0	0.0	0.0	0.0	0.0	0.0	0.0	0.0	0.0
k__Bacteria;p__Cyanobacteria;c__Cyanobacteria_noname;o__Oscillatoriales	0.0	0.019544796091	0.0	0.0050372025186	0.0741313	0.0132064	0.0	0.0	0.0	0.0	0.0	0.0	0.0	0.0	0.0	0.0	0.0	0.0	0.0	0.0488207048821	0.0171892982811	0.0	0.0	0.0	0.00768670076867	0.0	0.0	0.0224339	0.0	0.00972229902777	0.0130432986957	0.0	0.0	0.0	0.0	0.0	0.0	0.0	0.0	0.0	0.0
k__Bacteria;p__Deinococcus_Thermus;c__Deinococci;o__Deinococcales	0.0	0.0236273952745	0.0	0.0304471152236	0.0	0.015965	0.0138740013874	0.130027386997	0.00776880077688	0.0	0.0241451975855	0.0134917013492	0.0453338954666	0.00421109957889	0.0	0.0975390902461	0.0	0.0	0.0304618969538	0.0196729019673	0.111092288891	0.0	0.0319254968075	0.0361157	0.00929230092923	0.043869804387	0.0468178093636	0.0406801	0.0	0.00587659941234	0.0157678984232	0.0276616027662	0.0260276026028	0.0186990018699	0.0	0.0	0.0	0.0086278	0.0371999	0.0261041895583	0.00397770039777
k__Bacteria;p__Firmicutes;c__Bacilli;o__Bacillales	0.0880271088027	0.0	0.0	0.0640188320094	0.2502564	0.0165465	0.104884610488	0.0	0.0	0.0806849919315	0.0347016965298	0.0	0.00251329974867	0.0	0.155346253396	0.0	0.0	0.0	0.0	0.0	0.0270317972968	0.0	0.024720497528	0.0	0.135279013528	0.0200424020042	0.0	0.0067124	0.00591409881718	0.0861660913834	0.00719709928029	0.113156811316	0.168415016842	0.138791913879	0.0	0.0232784046557	0.0	0.0	0.0498854	0.00361179855528	0.0750485075049
k__Bacteria;p__Firmicutes;c__Bacilli;o__Lactobacillales	0.0171429017143	0.230611753878	0.0	0.0052184026092	0.0	0.0	0.0328552032855	0.0	0.0412317041232	0.107161389284	0.0200786979921	0.0	0.0	0.0	0.0317272904818	0.0326437967356	0.0	0.0	0.0	0.0	0.0102812989719	0.0	0.0140023985998	0.0	0.183655718366	0.010040301004	0.0	0.157953	0.0268971946206	0.0205612979439	0.0	0.0109987010999	0.0238622023862	0.160320016032	0.0548027	0.661207332241	0.1451062	0.0140842	0.0	0.0077064969174	0.013350301335
k__Bacteria;p__Firmicutes;c__Clostridia;o__Clostridiales	0.0	0.0	0.0	0.001390000695	0.0	0.0	0.00624650062465	0.0	0.0165242016524	0.0070509992949	0.0	0.0	0.00742749925725	0.0	0.0	0.0	0.0	0.0	0.0	0.0	0.0134413986559	0.0	0.0	0.0	0.0505093050509	0.00256720025672	0.0	0.0010286	0.0	0.00792029920797	0.00040249995975	0.0	0.0112229011223	0.0125662012566	0.0	0.0218163043633	0.0	0.0	0.0	0.0	0.0812292081229
k__Bacteria;p__Firmicutes;c__Negativicutes;o__Selenomonadales	0.0	0.00341429931714	0.0	0.0	0.0	0.0	0.0	0.0	0.0	0.0	0.0	0.0	0.0	0.0	0.0	0.0	0.0	0.0	0.0	0.0	0.0	0.0	0.0	0.0	0.007160000716	0.0	0.0	0.0	0.0	0.0	0.0	0.0	0.00110750011075	0.00177380017738	0.0	0.0	0.0	0.0	0.0	0.0	0.00029980002998
k__Bacteria;p__Proteobacteria;c__Alphaproteobacteria;o__Caulobacterales	0.0	0.0229544954091	0.0	0.0123009061505	0.0	0.0228735	0.0	0.0	0.0120592012059	0.0	0.0161188983881	0.0324151032415	0.0	0.0111930988807	0.0149822955053	0.0	0.0	0.0	0.0187980981202	0.031929503193	0.0633258936674	0.0	0.0277551972245	0.0	0.0	0.0218848021885	0.0355789071158	0.0106251	0.0	0.0	0.0151235984876	0.00666940066694	0.0105543010554	0.0	0.0	0.00280860056172	0.0	0.017735	0.0	0.0196143921542	0.0135953013595
k__Bacteria;p__Proteobacteria;c__Alphaproteobacteria;o__Rhizobiales	0.0	0.0	0.0	0.0	0.0	0.0	0.0	0.0	0.0	0.0	0.0	0.0	0.0	0.001619999838	0.0	0.0	0.0	0.0	0.0	0.0	0.0	0.0	0.0	0.0	0.0	0.0	0.020489804098	0.0237382	0.00614989877002	0.0	0.0	0.028809702881	0.0	0.0	0.0	0.0	0.0	0.0	0.0	0.0135963945614	0.0123835012384
k__Bacteria;p__Proteobacteria;c__Alphaproteobacteria;o__Rhodobacterales	0.0	0.0	0.0	0.0030726015363	0.0	0.0	0.00463720046372	0.0	0.0	0.0	0.0	0.0	0.0	0.0369163963084	0.0	0.0	0.0	0.0	0.0	0.0	0.0	0.0	0.0	0.0	0.0	0.0	0.00283570056714	0.0	0.0	0.0	0.0	0.0	0.00741520074152	0.0	0.0	0.0	0.0	0.0	0.0	0.0	0.00819470081947
k__Bacteria;p__Proteobacteria;c__Alphaproteobacteria;o__Rhodospirillales	0.0	0.0	0.0	0.0	0.0	0.0	0.0	0.0	0.0	0.0	0.0	0.0	0.013280198672	0.00340729965927	0.0	0.0	0.0	0.0	0.0	0.0	0.0	0.0	0.0	0.0	0.0	0.00447260044726	0.0	0.0027414	0.0	0.0	0.00323749967625	0.0	0.00264720026472	0.0	0.0	0.0	0.0	0.0	0.0	0.0	0.0585775058578
k__Bacteria;p__Proteobacteria;c__Alphaproteobacteria;o__Rickettsiales	0.0486553048655	0.00704319859136	0.0	0.0094232047116	0.0	0.0	0.0	0.292761070724	0.103815210382	0.0116571988343	0.090970390903	0.0168592016859	0.0	0.00575729942427	0.0	0.0	0.81950021805	0.147623314762	0.00170149982985	0.0	0.0	0.0	0.00621859937814	0.0	0.0	0.0	0.0	0.0194346	0.0279778944044	0.0708826929117	0.0	0.0	0.0	0.0536783053678	0.0	0.0	0.0263453	0.0	0.0	0.0207005917198	0.0375946037595
k__Bacteria;p__Proteobacteria;c__Alphaproteobacteria;o__Sphingomonadales	0.0	0.0	0.0	0.0	0.0	0.0123675	0.0	0.0	0.0	0.0	0.0	0.0	0.00586419941358	0.0	0.0	0.0	0.0	0.0	0.0	0.0	0.0	0.0	0.0	0.0	0.0	0.0	0.0	0.0	0.0	0.0	0.0	0.0	0.00039870003987	0.0	0.0	0.0	0.0	0.0	0.0	0.0	0.00778420077842
k__Bacteria;p__Proteobacteria;c__Betaproteobacteria;o__Burkholderiales	0.0245354024535	0.0	0.0287491	0.0247895123948	0.0	0.1323849	0.0141367014137	0.0240194975981	0.0309616030962	0.0	0.0485561951444	0.0853925085393	0.188189881181	0.158528884147	0.0445791866262	0.118383488162	0.0	0.0	0.0246140975386	0.0451482045148	0.0471737952826	0.0	0.0535362946464	0.0	0.0	0.0745868074587	0.0531139106228	0.1093103	0.0204779959044	0.0267622973238	0.153167384683	0.0174186017419	0.0366655036666	0.00852230085223	0.039132	0.0007625001525	0.0278819	0.1048916	0.0	0.0700109719956	0.0381613038161
k__Bacteria;p__Proteobacteria;c__Betaproteobacteria;o__Methylophilales	0.0	0.0	0.0	0.0	0.0	0.0	0.0	0.0	0.0	0.0	0.0	0.0	0.0	0.0	0.0	0.0	0.0	0.0	0.0	0.0	0.0	0.0	0.0	0.0	0.0	0.0	0.0	0.0	0.0	0.0	0.00448309955169	0.0	0.0	0.0	0.0	0.0	0.0	0.0	0.0	0.0	0.0
k__Bacteria;p__Proteobacteria;c__Gammaproteobacteria;o__Enterobacteriales	0.115313611531	0.15315126937	0.0	0.103232651616	0.0	0.0	0.0	0.0494718950528	0.232432323243	0.0134553986545	0.0	0.0938722093872	0.0	0.0	0.0226522932043	0.068780393122	0.0	0.170706917071	0.341836865816	0.0900058090006	0.0	0.0	0.135867986413	0.0	0.0	0.0	0.124208124842	0.0	0.866432026714	0.267051873295	0.0133312986669	0.0	0.0111519011152	0.0624635062464	0.0	0.0052530010506	0.1569775	0.0150377	0.0621326	0.0244671902131	0.0303780030378
k__Bacteria;p__Proteobacteria;c__Gammaproteobacteria;o__Pseudomonadales	0.192153219215	0.220735955853	0.0	0.179525189763	0.0	0.2159638	0.0494327049433	0.202460679754	0.145157714516	0.0256891974311	0.250327374967	0.336118733612	0.0813329918667	0.416166658383	0.0943068717079	0.0	0.0	0.559877855988	0.0948619905138	0.297237729724	0.0647113935289	0.0	0.049709895029	0.6748119	0.0289374028937	0.0863589086359	0.0825291165058	0.4242324	0.0200819959836	0.370976562902	0.326372967363	0.0837578083758	0.106566110657	0.0181431018143	0.3099047	0.0128930025786	0.2819324	0.2686814	0.3475348	0.12187475125	0.306710230671
k__Bacteria;p__Proteobacteria;c__Gammaproteobacteria;o__Xanthomonadales	0.0	0.0	0.0	0.0	0.0	0.0	0.0	0.0	0.0	0.0	0.0	0.0	0.00182659981734	0.0	0.0	0.0	0.0	0.0	0.0	0.0	0.0	0.0	0.0	0.0	0.0	0.00167610016761	0.0	0.0067198	0.0	0.0	0.00342019965798	0.0	0.0	0.0	0.0	0.0	0.0	0.0012357	0.0501589	0.0	0.00373070037307
k__Bacteria;p__Tenericutes;c__Mollicutes;o__Entomoplasmatales	0.0	0.0	0.0	0.0	0.0	0.0	0.0	0.0	0.0	0.0	0.0	0.0	0.0	0.0	0.0	0.0	0.0	0.0	0.0	0.0	0.0	0.0	0.0	0.0	0.0	0.0	0.0	0.0	0.0	0.0	0.0	0.0	0.0	0.0	0.0	0.0	0.0	0.0	0.0	0.0	0.00065470006547
k__Eukaryota;p__Ascomycota;c__Eurotiomycetes;o__Eurotiales	0.0	0.0	0.0	0.0	0.0	0.0	0.0	0.0	0.0	0.0	0.0	0.0	0.0	0.0	0.0	0.0	0.0	0.0	0.0	0.0	0.0	0.0	0.0	0.0	0.0	0.0	0.0	0.0	0.0	0.0	0.0	0.0	0.0	0.0	0.0	0.0	0.0	0.0	0.0	0.0	0.0007960000796
k__Viruses;p__Viruses_noname;c__Viruses_noname;o__Caudovirales	0.0	0.0	0.304792	0.210595905298	0.0	0.0049444	0.129853812985	0.0	0.0	0.0	0.0	0.0	0.003509999649	0.0415967958403	0.0	0.0	0.0	0.0	0.211716578828	0.0182783018278	0.0128712987129	0.0	0.0	0.0	0.0201451020145	0.0337633033763	0.00724980144996	0.0020998	0.0	0.0	0.0	0.0	0.00592340059234	0.00579120057912	0.0	0.0	0.0	0.0106883	0.0	0.00481069807572	0.00070580007058
k__Viruses;p__Viruses_noname;c__Viruses_noname;o__Viruses_noname	0.0	0.0	0.0	0.0	0.0	0.0	0.0	0.0	0.0	0.0	0.0	0.0	0.0	0.0	0.0	0.0542076945792	0.0	0.0	0.0	0.0	0.0390383960962	0.0	0.0	0.0	0.00753910075391	0.0	0.0	0.0	0.0	0.0	0.0	0.0	0.0216768021677	0.0	0.0	0.0	0.0	0.0	0.0	0.0	0.0141920014192
